TREAT AGE EDUC RA RH MARR     RE74        RE75     RE78   
1 37 11 1 0 1 0 0 9930.05
1 30 12 1 0 0 0 0 24909.5
1 27 11 1 0 0 0 0 7506.15
1 33 8 1 0 0 0 0 289.79
1 22 9 1 0 0 0 0 4056.49
1 23 12 1 0 0 0 0 0
1 32 11 1 0 0 0 0 8472.16
1 22 16 1 0 0 0 0 2164.02
1 19 9 1 0 0 0 0 8173.91
1 21 13 1 0 0 0 0 17094.6
1 18 8 1 0 0 0 0 0
1 27 10 1 0 1 0 0 18739.9
1 17 7 1 0 0 0 0 3023.88
1 19 10 1 0 0 0 0 3228.5
1 27 13 1 0 0 0 0 14581.9
1 23 10 1 0 0 0 0 7693.4
1 40 12 1 0 0 0 0 10804.3
1 26 12 1 0 0 0 0 10747.4
1 23 11 1 0 0 0 0 0
1 24 11 1 0 0 0 0 1991.4
1 18 10 1 0 0 0 0 11163.2
1 29 11 1 0 1 0 0 9643
1 25 11 1 0 0 0 0 9897.05
1 17 10 1 0 0 0 0 16218
1 24 11 1 0 0 0 0 995.7
1 17 10 1 0 0 0 0 0
1 48 4 1 0 0 0 0 6551.59
1 25 11 1 0 1 0 0 1574.42
1 20 12 1 0 0 0 0 0
1 25 12 1 0 0 0 0 3191.75
1 42 14 1 0 0 0 0 20505.9
1 25 5 1 0 0 0 0 6181.88
1 23 12 1 0 1 0 0 5911.55
1 46 8 1 0 1 0 0 3094.16
1 24 10 1 0 0 0 0 0
1 21 12 1 0 0 0 0 1254.58
1 17 8 1 0 0 0 0 8061.49
1 20 11 1 0 0 0 0 3972.54
1 25 11 1 0 1 0 0 0
1 17 8 1 0 0 0 0 0
1 17 9 1 0 0 0 0 0
1 25 5 1 0 0 0 0 12187.4
1 23 12 1 0 0 0 0 4843.18
1 28 8 1 0 0 0 0 0
1 31 11 1 0 1 0 0 8087.49
1 18 11 1 0 0 0 0 0
1 25 12 1 0 0 0 0 2348.97
1 30 11 1 0 1 0 0 590.782
1 17 10 1 0 0 0 0 0
1 37 9 1 0 0 0 0 1067.51
1 41 4 1 0 1 0 0 7284.99
1 42 14 1 0 1 0 0 13167.5
1 17 8 1 0 0 0 0 0
1 29 8 1 0 0 0 0 1923.94
1 35 10 1 0 0 0 0 4666.24
1 27 11 1 0 0 0 0 549.298
1 29 4 1 0 0 0 0 762.915
1 28 9 1 0 0 0 0 10694.3
1 27 11 1 0 0 0 0 0
1 45 5 1 0 1 0 0 8546.72
1 29 13 1 0 0 0 0 7479.66
1 27 9 1 0 0 0 0 0
1 46 13 1 0 0 0 0 647.205
1 18 6 1 0 0 0 0 0
1 25 12 1 0 0 0 0 11965.8
1 28 15 1 0 0 0 0 9598.54
1 22 12 1 0 0 0 0 18678.1
1 21 9 1 0 0 0 0 0
1 40 11 1 0 0 0 0 23005.6
1 22 11 1 0 0 0 0 6456.7
1 25 12 1 0 0 0 0 0
1 18 12 1 0 0 0 0 2321.11
1 27 13 1 0 0 0 0 0
1 27 8 1 0 0 0 0 0
1 38 11 1 0 0 0 0 0
1 26 11 1 0 0 0 0 17231
1 25 8 1 0 0 0 0 0
1 31 11 1 0 1 0 0 14509.9
1 17 10 1 0 0 0 0 0
1 25 11 1 0 0 0 0 0
1 21 12 1 0 0 0 0 9983.78
1 44 11 1 0 0 0 0 0
1 18 9 1 0 0 0 0 4482.85
1 42 12 1 0 0 0 0 2456.15
1 25 10 1 0 0 0 0 0
1 24 10 1 0 0 0 0 0
1 26 10 1 0 0 0 0 9265.79
1 25 11 1 0 0 0 0 485.23
1 18 11 1 0 0 0 0 4814.63
1 19 11 1 0 0 0 0 7458.11
1 43 9 1 0 0 0 0 0
1 27 13 1 0 0 0 0 34099.3
1 17 9 1 0 0 0 0 1953.27
1 30 11 1 0 0 0 0 0
1 26 10 1 0 1 2028 0 0
1 20 9 1 0 0 6083.99 0 8881.67
1 20 12 1 0 0 989.268 165.208 0
1 18 11 1 0 0 858.254 214.564 929.884
1 27 12 1 0 1 3670.87 334.049 0
1 27 12 1 0 0 2143.41 357.95 22163.3
1 20 12 1 0 0 0 377.569 1652.64
1 19 10 1 0 0 0 385.274 8124.72
1 23 12 1 0 0 5506.31 501.074 671.332
1 29 14 1 0 0 0 679.673 17815
1 18 10 1 0 0 0 798.908 9737.15
1 19 9 1 0 0 0 798.908 17685.2
1 27 9 1 0 1 0 934.445 1773.42
1 22 12 1 0 0 5605.85 936.177 0
1 23 10 1 0 1 0 936.439 11233.3
1 20 11 1 0 0 3637.5 1220.84 1085.44
1 17 9 1 0 0 1716.51 1253.44 5445.2
1 28 11 1 0 0 0 1284.08 60307.9
1 26 11 1 0 1 0 1392.85 1460.36
1 20 11 1 0 0 16318.6 1484.99 6943.34
1 24 11 1 0 1 824.389 1666.11 4032.71
1 31 9 1 0 0 0 1698.61 10363.3
1 18 10 1 0 0 2143.41 1784.27 11141.4
1 29 12 1 0 0 10881.9 1817.28 0
1 24 9 1 0 0 9154.7 2288.68 4849.56
1 25 12 1 0 0 14426.8 2409.27 0
1 24 10 1 0 0 4250.4 2421.95 1660.51
1 46 8 1 0 0 3165.66 2594.72 0
1 19 11 1 0 0 2305.03 2615.28 4146.6
1 19 8 1 0 0 0 2657.06 9970.68
1 27 11 1 0 0 2206.94 2666.27 0
1 26 11 1 0 1 0 2754.65 26372.3
1 20 10 1 0 0 5005.73 2777.36 5615.19
1 28 10 1 0 0 0 2836.51 3196.57
1 24 12 1 0 0 13765.8 2842.76 6167.68
1 19 8 1 0 0 2636.35 2937.26 7535.94
1 23 12 1 0 0 6269.34 3039.96 8484.24
1 42 9 1 0 1 0 3058.53 1294.41
1 25 13 1 0 0 12362.9 3090.73 0
1 18 9 1 0 0 0 3287.38 5010.34
1 21 12 1 0 0 6473.68 3332.41 9371.04
1 27 10 1 0 0 1001.15 3550.08 0
1 21 8 1 0 0 989.268 3695.9 4279.61
1 22 9 1 0 0 2192.88 3836.99 3462.56
1 31 4 1 0 0 8517.59 4023.21 7382.55
1 24 10 1 0 1 11703.2 4078.15 0
1 29 10 1 0 0 0 4398.95 0
1 29 12 1 0 0 9748.39 4878.94 10976.5
1 31 9 1 0 0 10717 5517.84 9558.5
1 22 10 1 0 1 1468.35 5588.66 13228.3
1 21 9 1 0 0 6416.47 5749.33 743.667
1 17 10 1 0 0 1291.47 5793.85 5522.79
1 26 12 1 0 1 8408.76 5794.83 1424.94
1 19 10 1 0 0 4121.95 6056.75 0
1 26 10 1 0 0 25929.7 6788.96 672.877
1 28 11 1 0 0 1929.03 6871.86 0
1 33 11 1 0 0 0 7867.92 6281.43
1 33 12 1 0 1 20280 10941.4 15952.6
1 25 14 1 0 1 35040.1 11536.6 36647
1 35 9 1 0 1 13602.4 13830.6 12804
1 35 8 1 0 1 13732.1 17976.2 3786.63
1 33 11 1 0 1 14660.7 25142.2 4181.94
1 22 9 0 1 0 0 0 3595.89
1 33 12 0 0 1 0 0 12418.1
1 41 14 0 0 0 0 0 5149.5
1 38 9 0 0 0 0 0 6408.95
1 27 10 0 1 0 0 0 11142.9
1 19 9 0 0 0 0 0 13188.8
1 18 8 0 1 1 0 0 2787.96
1 22 11 0 0 0 0 0 1048.43
1 23 7 0 0 0 0 0 0
1 25 11 0 0 0 0 0 18783.4
1 38 12 0 0 0 0 0 4941.85
1 23 8 0 1 0 0 0 3881.28
1 21 12 0 0 0 0 0 8048.6
1 25 12 0 0 0 0 0 5587.5
1 31 9 0 1 0 0 0 26817.6
1 17 9 0 1 0 445.17 74.3435 6210.67
1 21 12 0 0 0 3670.87 334.049 12558
1 27 13 0 0 1 9381.57 853.723 0
1 18 11 0 0 0 3678.23 919.558 4321.71
1 23 12 0 1 0 9385.74 1117.44 559.443
1 23 8 0 0 1 0 1713.15 4232.31
1 26 11 0 0 0 0 2226.27 13385.9
1 31 12 0 0 0 0 2611.22 2484.55
1 19 10 0 0 0 0 5324.11 13829.6
1 19 11 0 1 1 5424.49 5463.8 6788.46
1 20 9 0 1 0 12260.8 5875.05 1358.64
1 22 12 0 1 1 492.231 7055.7 10092.8
1 22 12 0 0 0 6759.99 8455.5 12590.7
1 29 10 0 1 0 0 8853.67 5112.01
0 50 12 1 0 1 0 0 0
0 28 12 1 0 1 0 0 0
0 25 12 1 0 0 0 0 0
0 50 12 1 0 1 0 0 0
0 23 12 1 0 0 0 0 4728.73
0 34 14 1 0 1 0 0 0
0 36 12 1 0 1 0 0 17732.7
0 36 12 1 0 1 0 8951.61 11821.8
0 33 13 1 0 1 0 10741.9 20688.2
0 25 12 1 0 1 0 21483.9 1220.6
0 43 12 1 0 1 715.132 1879.84 5910.91
0 24 12 1 0 0 783.707 0 10344.1
0 23 12 1 0 0 1077.6 3222.58 5910.91
0 22 12 1 0 1 1269.6 0 0
0 20 12 1 0 0 1367.57 12532.3 2955.45
0 21 12 1 0 0 1959.27 5460.48 1152.63
0 22 12 1 0 1 2006.29 2470.65 0
0 20 12 1 0 0 2351.12 4475.81 17732.7
0 28 12 1 0 0 2938.9 2864.52 0
0 24 12 1 0 0 3330.75 4654.84 11821.8
0 22 12 1 0 0 3579.58 17133.4 11821.8
0 20 12 1 0 0 3730.44 8951.61 13299.5
0 27 12 1 0 1 3918.53 1994.42 17732.7
0 23 12 1 0 1 3918.53 2864.52 8866.36
0 23 12 1 0 1 3918.53 11637.1 9753
0 31 12 1 0 1 3918.53 18440.3 24973.6
0 19 12 1 0 0 5387.98 8056.45 12117.4
0 21 12 1 0 1 5868 3043.55 10048.5
0 24 12 1 0 1 5877.8 8951.61 17732.7
0 31 12 1 0 1 5877.8 11064.2 15959.4
0 22 12 1 0 0 5891.52 10367.8 5763.13
0 20 13 1 0 0 5897.39 12532.3 14777.3
0 23 12 1 0 0 6494.97 12532.3 14186.2
0 22 12 1 0 0 6583.14 4475.81 0
0 21 12 1 0 0 6661.51 11458.1 11208.6
0 27 12 1 0 1 6855.47 0 8275.27
0 27 13 1 0 1 6857.43 4096.26 24514
0 24 12 1 0 1 6857.43 14322.6 26599.1
0 28 15 1 0 0 7445.21 0 12708.4
0 53 14 1 0 1 7641.14 8421.68 8127.5
0 19 12 1 0 0 7837.07 3759.68 3694.32
0 32 12 1 0 1 7837.07 5370.97 8866.36
0 20 12 1 0 1 7837.07 8951.61 20688.2
0 27 12 1 0 1 7837.07 8951.61 2210.68
0 23 12 1 0 1 7837.07 12532.3 21870.4
0 23 12 1 0 1 7993.81 13427.4 4433.18
0 21 12 1 0 1 8150.55 13092.6 10583.5
0 24 12 1 0 1 8275.94 15416.5 8335.86
0 26 12 1 0 1 8616.86 8593.55 10344.1
0 23 14 1 0 1 8675.63 10398.2 13004
0 25 12 1 0 0 8816.7 6266.13 10344.1
0 23 12 1 0 1 8816.7 12174.2 18471.6
0 27 12 1 0 0 8816.7 14322.6 19210.4
0 21 12 1 0 0 8816.7 14859.7 5578.42
0 23 14 1 0 1 8934.26 12532.3 8866.36
0 23 16 1 0 0 9012.63 16490.7 19210.4
0 27 12 1 0 1 9067.49 5370.97 6649.77
0 21 12 1 0 1 9169.37 7161.29 7388.63
0 23 12 1 0 1 9169.37 8271.29 10403.2
0 21 14 1 0 0 9420.15 5370.97 9900.77
0 27 12 1 0 1 9796.33 0 11821.8
0 21 12 1 0 1 9796.33 4296.77 14777.3
0 33 12 1 0 0 9796.33 8951.61 0
0 22 12 1 0 1 9796.33 10741.9 11162.7
0 29 12 1 0 1 9796.33 12532.3 19210.4
0 23 12 1 0 1 9796.33 12532.3 11821.8
0 27 12 1 0 1 9796.33 14322.6 11821.8
0 24 12 1 0 1 9796.33 14322.6 33987.7
0 25 12 1 0 1 9796.33 21483.9 6649.77
0 30 12 1 0 1 9796.33 25064.5 29554.5
0 26 12 1 0 0 9913.89 10741.9 15619.6
0 31 12 1 0 1 10188.2 8951.61 9605.22
0 25 13 1 0 0 10247 15396.8 12486.8
0 27 12 1 0 0 10623.1 3222.58 8866.36
0 27 12 1 0 1 10776 8951.61 7536.41
0 24 12 1 0 0 10776 9309.68 8275.27
0 20 12 1 0 0 10776 16372.5 29554.5
0 23 12 1 0 1 10776 20481.3 29392
0 26 12 1 0 1 11167.8 1074.19 8866.36
0 23 12 1 0 1 11167.8 7812.97 14777.3
0 24 12 1 0 0 11285.4 13069.4 10344.1
0 23 12 1 0 0 11328.5 2685.48 29216.1
0 28 14 1 0 1 11755.6 0 25875
0 29 12 1 0 1 11755.6 9846.77 20688.2
0 24 13 1 0 1 11755.6 10741.9 31097.3
0 21 12 1 0 1 11755.6 14322.6 16255
0 25 12 1 0 1 11755.6 14322.6 21427
0 22 13 1 0 1 11755.6 15217.7 0
0 27 15 1 0 0 11755.6 16744.9 18442
0 26 12 1 0 1 11775.2 14150.7 16342.2
0 25 13 1 0 1 11931.9 13824.9 12656.7
0 30 12 1 0 1 12225.8 10741.9 18962.2
0 24 12 1 0 1 12658.8 19693.5 19210.4
0 37 17 1 0 1 12735.2 1306.94 4236.64
0 23 12 1 0 0 12735.2 14322.6 20688.2
0 25 16 1 0 1 12735.2 18261.3 10521.4
0 28 12 1 0 1 12735.2 19693.5 17732.7
0 27 12 1 0 1 13127.1 12353.2 11526.3
0 26 16 1 0 1 13323 19693.5 19934.5
0 22 12 1 0 1 13518.9 13427.4 12560.7
0 22 12 1 0 1 13665.9 17903.2 13299.5
0 22 12 1 0 1 13714.9 0 664.977
0 25 12 1 0 1 13714.9 8235.48 17732.7
0 33 12 1 0 0 13714.9 11100 9605.22
0 55 16 1 0 1 13714.9 11995.2 23531.3
0 47 12 1 0 1 13714.9 12433.8 14777.3
0 20 12 1 0 1 13714.9 12532.3 8866.36
0 26 12 1 0 1 13714.9 12532.3 11821.8
0 21 12 1 0 0 13714.9 13339.7 11651.9
0 24 12 1 0 1 13714.9 16112.9 16255
0 39 12 1 0 1 13714.9 17008.1 14629.5
0 27 12 1 0 1 13714.9 19425 25860.2
0 27 14 1 0 0 13812.8 17036.7 20688.2
0 20 12 1 0 1 14322.2 17903.2 14777.3
0 29 12 1 0 1 14392.8 15396.8 14777.3
0 26 14 1 0 1 14506.4 17187.1 21678.2
0 24 12 1 0 1 14694.5 11816.1 11821.8
0 22 14 1 0 1 14694.5 12532.3 21397.5
0 27 12 1 0 1 14694.5 13427.4 14079.8
0 28 12 1 0 1 14694.5 14859.7 19210.4
0 35 12 1 0 1 14694.5 17187.1 21279.3
0 22 12 1 0 1 14790.5 14680.6 14038.4
0 42 12 1 0 1 14988.4 11185.9 0
0 31 12 1 0 0 15282.3 17903.2 14777.3
0 32 16 1 0 1 15282.3 19693.5 28076.8
0 22 13 1 0 1 15403.8 14320.8 18660.7
0 26 12 1 0 1 15411.6 8951.61 11082.9
0 26 12 1 0 1 15478.2 18175.4 19949.3
0 25 12 1 0 1 15674.1 3738.19 10512.5
0 28 15 1 0 1 15674.1 9452.9 31032.3
0 21 13 1 0 1 15674.1 12532.3 25121.4
0 54 16 1 0 1 15674.1 14322.6 11821.8
0 26 12 1 0 1 15674.1 15217.7 15516.1
0 34 12 1 0 1 15674.1 15754.8 17732.7
0 21 12 1 0 1 15674.1 16112.9 11821.8
0 23 12 1 0 1 15674.1 16202.4 19210.4
0 26 12 1 0 1 15674.1 17983.8 20688.2
0 21 12 1 0 1 15674.1 19693.5 19210.4
0 54 12 1 0 0 15674.1 25064.5 20688.2
0 23 12 1 0 1 15870.1 30435.5 27781.3
0 26 12 1 0 1 15987.6 17903.2 19506
0 28 12 1 0 1 15987.6 19693.5 13299.5
0 27 12 1 0 1 16011.1 16112.9 20460.6
0 35 12 1 0 1 16066 16086 19210.4
0 36 12 1 0 1 16261.9 21304.8 22165.9
0 21 12 1 0 1 16653.8 9846.77 7388.63
0 25 12 1 0 0 16653.8 14859.7 22904.8
0 25 16 1 0 1 16653.8 17008.1 21870.4
0 24 14 1 0 1 16653.8 28466.1 40637.5
0 26 14 1 0 0 16667.5 21483.9 28815.7
0 23 12 1 0 1 16708.6 10491.3 7565.96
0 22 14 1 0 1 16849.7 21125.8 24086.9
0 43 12 1 0 1 17633.4 10741.9 21858.5
0 28 14 1 0 1 17633.4 12532.3 16255
0 23 12 1 0 1 17633.4 15217.7 15516.1
0 27 14 1 0 1 17633.4 16112.9 26599.1
0 26 12 1 0 1 17633.4 17416.3 23643.6
0 26 12 1 0 1 17633.4 18798.4 18471.6
0 24 13 1 0 0 17633.4 25064.5 22165.9
0 23 12 1 0 1 17672.6 14322.6 12294.7
0 30 12 1 0 1 17760.8 17366.1 19210.4
0 21 13 1 0 0 18221.2 21125.8 21870.4
0 30 12 1 0 1 18338.7 25422.6 22165.9
0 27 14 1 0 1 18613 0 13299.5
0 32 12 1 0 1 18613 16112.9 17732.7
0 28 12 1 0 0 18613 17008.1 19949.3
0 44 12 1 0 1 18613 23632.3 19210.4
0 44 12 1 0 1 18613 23632.3 19210.4
0 36 12 1 0 1 18613 25064.5 33692.2
0 32 13 1 0 1 18809 14143.5 26599.1
0 37 12 1 0 1 18809 16112.9 32510
0 34 12 1 0 0 18848.1 30435.5 12560.7
0 24 13 1 0 1 18881.5 16112.9 12560.7
0 23 12 1 0 1 19004.9 13427.4 13299.5
0 27 12 1 0 1 19004.9 19693.5 19210.4
0 37 12 1 0 1 19004.9 25959.7 25860.2
0 24 16 1 0 0 19494.7 15217.7 23643.6
0 37 12 1 0 1 19586.8 12031 14777.3
0 21 12 1 0 0 19592.7 716.129 22165.9
0 25 12 1 0 1 19592.7 5370.97 24642.6
0 24 13 1 0 1 19592.7 11637.1 18442
0 24 12 1 0 0 19592.7 11995.2 19210.4
0 32 14 1 0 1 19592.7 12335.3 14777.3
0 20 12 1 0 1 19592.7 16709.1 12708.4
0 23 12 1 0 1 19592.7 17008.1 22165.9
0 34 12 1 0 1 19592.7 17366.1 19210.4
0 23 12 1 0 1 19592.7 17366.1 14777.3
0 27 12 1 0 1 19592.7 17724.2 25121.4
0 23 12 1 0 1 19592.7 17903.2 26599.1
0 20 12 1 0 1 19592.7 18619.4 23643.6
0 31 12 1 0 1 19592.7 19466.2 20259.6
0 29 16 1 0 1 19592.7 20588.7 42854.1
0 53 12 1 0 1 19592.7 21483.9 23643.6
0 23 12 1 0 1 19592.7 23274.2 21427
0 28 12 1 0 1 19592.7 24169.4 25860.2
0 27 14 1 0 0 19592.7 25064.5 28815.7
0 30 12 1 0 1 19592.7 26854.8 25897.2
0 36 12 1 0 1 19749.4 25064.5 23643.6
0 34 12 1 0 1 19788.6 23274.2 31032.3
0 28 16 1 0 1 20082.5 19335.5 21279.3
0 25 16 1 0 0 20233.3 19335.5 23052.5
0 38 12 1 0 0 20572.3 14322.6 16255
0 24 12 1 0 1 20572.3 25959.7 31032.3
0 46 12 1 0 1 20572.3 32225.8 7882.19
0 25 14 1 0 1 20768.2 23274.2 26303.5
0 26 12 1 0 1 21117 22379 25121.4
0 23 13 1 0 1 21160.1 17903.2 23643.6
0 27 12 1 0 1 21356 20588.7 21722.6
0 35 12 1 0 1 21551.9 14322.6 15638.8
0 35 12 1 0 1 21551.9 14322.6 15638.8
0 34 12 1 0 1 21551.9 17903.2 25121.4
0 37 15 1 0 0 21551.9 19210.2 17732.7
0 41 12 1 0 1 21551.9 24885.5 21427
0 35 13 1 0 1 21551.9 25959.7 26423.2
0 24 14 1 0 1 21869.3 26353.5 18767.1
0 26 14 1 0 1 21943.8 25959.7 36943.2
0 30 17 1 0 1 22139.7 27929 33248.8
0 25 12 1 0 1 22139.7 33300 29554.5
0 29 12 1 0 1 22531.6 18619.4 23643.6
0 24 12 1 0 0 22531.6 26854.8 29554.5
0 31 12 1 0 1 22727.5 1503.87 27781.3
0 33 12 1 0 1 23511.2 14322.6 23643.6
0 28 16 1 0 1 23511.2 16112.9 22018.1
0 43 12 1 0 1 23511.2 19421.4 13559.6
0 37 17 1 0 1 23511.2 19693.5 76841.8
0 37 17 1 0 1 23511.2 19693.5 76841.8
0 42 12 1 0 0 23511.2 21483.9 22165.9
0 26 12 1 0 1 23511.2 21483.9 31623.3
0 33 12 1 0 1 23511.2 23274.2 36943.2
0 47 14 1 0 1 23511.2 25565.8 23974.6
0 51 12 1 0 1 23511.2 25601.6 25121.4
0 47 12 1 0 1 23511.2 32225.8 17732.7
0 45 12 1 0 1 24490.8 21483.9 28076.8
0 35 13 1 0 1 24490.8 23274.2 25121.4
0 26 14 1 0 1 24490.8 25718 26643.4
0 43 12 1 0 1 24490.8 29355.9 35465.4
0 43 13 1 0 1 24490.8 34016.1 39898.6
0 27 12 1 0 1 24686.8 22558.1 22609.2
0 26 12 1 0 1 25088.4 23274.2 29554.5
0 28 12 1 0 0 25470.5 19693.5 26599.1
0 35 12 1 0 1 25470.5 21483.9 26599.1
0 32 12 1 0 1 25470.5 22379 31771.1
0 27 15 1 0 0 25470.5 24169.4 29554.5
0 43 12 1 0 1 25470.5 25064.5 25121.4
0 32 16 1 0 1 25470.5 25422.6 30145.6
0 45 12 1 0 1 25470.5 26695.5 27898
0 45 12 1 0 1 25470.5 26695.5 27898
0 43 12 1 0 1 26450.1 14322.6 29554.5
0 27 12 1 0 1 26450.1 18798.4 31032.3
0 31 15 1 0 0 26450.1 26854.8 25860.2
0 26 17 1 0 0 26842 25243.5 20392.6
0 24 12 1 0 1 26842 31688.7 33839.9
0 48 12 1 0 1 26908.6 22558.1 36943.2
0 21 12 1 0 1 27037.9 16560.5 20688.2
0 44 12 1 0 1 27429.7 21483.9 22609.2
0 40 12 1 0 1 27429.7 23274.2 38420.9
0 26 16 1 0 1 27429.7 25064.5 32510
0 55 17 1 0 1 27429.7 26854.8 17806.6
0 30 14 1 0 1 27429.7 26892.4 20688.2
0 27 13 1 0 1 27429.7 30435.5 24973.6
0 26 13 1 0 1 28105.7 37596.8 58653.9
0 29 16 1 0 1 28409.4 32225.8 29554.5
0 29 12 1 0 0 29193.1 15396.8 31032.3
0 50 12 1 0 1 29193.1 17903.2 25121.4
0 37 12 1 0 1 29389 22379 19210.4
0 37 12 1 0 1 29389 22379 19210.4
0 46 12 1 0 1 29389 30435.5 22165.9
0 37 12 1 0 1 29389 32225.8 44331.8
0 47 14 1 0 1 29391 27750 36647.6
0 35 15 1 0 1 29477.2 34098.5 19062.7
0 35 15 1 0 1 29477.2 34098.5 19062.7
0 30 12 1 0 1 30758.5 35448.4 48247.8
0 28 15 1 0 1 30768.3 33486.2 30828.3
0 44 16 1 0 1 31644.1 30621.7 23495.9
0 28 12 1 0 1 32327.9 32225.8 39898.6
0 41 16 1 0 1 33307.5 23274.2 22165.9
0 41 16 1 0 1 33307.5 23274.2 22165.9
0 41 16 1 0 1 33307.5 23274.2 22165.9
0 33 17 1 0 1 33307.5 29540.3 17732.7
0 32 13 1 0 1 33307.5 37596.8 46891.2
0 28 12 1 0 1 33503.5 26854.8 25121.4
0 25 14 1 0 1 33699.4 17724.2 25121.4
0 38 12 1 0 1 34483.1 23632.3 19210.4
0 38 12 1 0 1 35266.8 25064.5 36943.2
0 25 14 1 0 1 35266.8 25601.6 33101.1
0 53 12 1 0 1 35266.8 42967.7 35465.4
0 28 12 1 0 1 39185.3 36776.8 34726.6
0 29 13 1 0 1 39185.3 37596.8 38420.9
0 38 12 1 0 1 40570.5 10741.9 27190.2
0 36 12 1 0 1 41732.4 37596.8 31032.3
0 30 12 1 0 1 43103.9 21483.9 26599.1
0 29 17 1 0 1 50940.9 41177.4 39603.1
0 48 17 1 0 1 58778 51842.4 59109.1
0 54 3 1 0 0 0 0 221.659
0 54 3 1 0 1 0 0 0
0 54 3 1 0 1 0 0 0
0 54 3 1 0 1 0 0 0
0 53 4 1 0 0 0 0 0
0 51 4 1 0 1 0 0 0
0 51 5 1 0 0 0 0 0
0 46 6 1 0 1 0 0 0
0 41 6 1 0 1 0 0 0
0 45 7 1 0 1 0 0 11821.8
0 55 8 1 0 1 0 0 0
0 53 8 1 0 1 0 0 0
0 45 9 1 0 1 0 0 0
0 45 9 1 0 1 0 0 0
0 23 9 1 0 0 0 0 218.704
0 54 10 1 0 1 0 0 0
0 54 10 1 0 1 0 0 0
0 25 11 1 0 0 0 0 3694.32
0 23 11 1 0 0 0 0 0
0 23 11 1 0 0 0 0 0
0 52 10 1 0 1 0 0 0
0 43 9 1 0 1 0 0 0
0 54 4 1 0 1 0 0 0
0 49 4 1 0 1 0 0 0
0 21 8 1 0 0 0 895.161 2305.25
0 21 11 1 0 0 0 9846.77 5615.36
0 43 3 1 0 1 17.6334 0 0
0 52 6 1 0 1 235.112 1246.06 1477.73
0 52 7 1 0 0 293.89 5012.9 0
0 29 11 1 0 1 783.707 0 23643.6
0 31 6 1 0 0 1410.67 555 16059.9
0 23 10 1 0 0 1469.45 5370.97 0
0 19 11 1 0 0 1567.41 0 0
0 35 9 1 0 0 1567.41 5370.97 5910.91
0 21 10 1 0 0 1567.41 8145.97 8275.27
0 41 8 1 0 1 1716.32 8378.71 7388.63
0 41 8 1 0 1 1716.32 8378.71 7388.63
0 20 8 1 0 0 1880.9 3652.26 1018.15
0 30 9 1 0 0 1959.27 162.919 16809.1
0 29 10 1 0 0 2037.64 2685.48 0
0 22 11 1 0 0 2351.12 0 879.247
0 25 10 1 0 0 2838.98 5370.97 11437.6
0 20 8 1 0 0 2938.9 1838.66 1226.51
0 40 4 1 0 0 2962.41 1933.55 1034.41
0 22 9 1 0 0 3134.83 4345.11 13299.5
0 24 10 1 0 0 3152.46 3902.9 7447.74
0 19 6 1 0 0 3526.68 0 0
0 50 10 1 0 1 3526.68 0 0
0 38 3 1 0 1 3722.61 5729.03 17732.7
0 38 3 1 0 1 3722.61 5729.03 17732.7
0 43 10 1 0 1 3918.53 2148.39 0
0 30 6 1 0 1 3918.53 3401.61 4433.18
0 35 10 1 0 1 3918.53 3795.48 7802.4
0 35 10 1 0 1 3918.53 3795.48 7802.4
0 35 10 1 0 1 3918.53 3795.48 7802.4
0 44 11 1 0 1 3918.53 5370.97 2955.45
0 23 10 1 0 0 3918.53 7161.29 6649.77
0 41 8 1 0 1 3918.53 11171.6 5910.91
0 39 5 1 0 1 4051.76 13427.4 14629.5
0 39 5 1 0 1 4051.76 13427.4 14629.5
0 39 5 1 0 1 4051.76 13427.4 14629.5
0 25 11 1 0 0 4055.68 11637.1 0
0 38 9 1 0 1 4228.1 7941.87 11245.5
0 50 9 1 0 1 4333.9 7469.23 6383.78
0 22 11 1 0 1 4449.49 6187.35 14570.4
0 19 10 1 0 0 4702.24 3437.42 2364.36
0 25 10 1 0 1 4702.24 4282.45 4947.43
0 47 6 1 0 1 4702.24 4296.77 13481.3
0 24 8 1 0 1 4898.17 5370.97 8127.5
0 44 11 1 0 0 5172.46 6266.13 0
0 24 11 1 0 1 5427.17 0 1329.95
0 19 11 1 0 1 5485.95 7590.97 11348.9
0 22 11 1 0 0 5485.95 13427.4 8866.36
0 30 6 1 0 1 5681.87 0 0
0 50 10 1 0 1 5681.87 0 0
0 26 8 1 0 1 5681.87 4296.77 7093.09
0 46 6 1 0 0 5838.62 9678.48 7873.33
0 38 10 1 0 1 5877.8 0 0
0 24 9 1 0 0 5877.8 5370.97 13299.5
0 55 3 1 0 1 5877.8 5370.97 4137.63
0 40 5 1 0 1 5877.8 5370.97 22165.9
0 25 9 1 0 1 5877.8 6266.13 12560.7
0 43 7 1 0 1 5877.8 6815.76 295.545
0 18 11 1 0 0 5877.8 6932.13 9457.45
0 28 7 1 0 1 5877.8 8142.39 1477.73
0 52 4 1 0 1 5877.8 11637.1 22165.9
0 22 8 1 0 1 5877.8 12031 857.081
0 34 7 1 0 1 5877.8 12532.3 14777.3
0 31 9 1 0 1 6024.75 5621.61 10196.3
0 27 8 1 0 0 6269.65 6624.19 7388.63
0 32 11 1 0 1 6524.36 0 930.968
0 49 5 1 0 0 6583.14 5729.03 12560.7
0 33 8 1 0 1 6661.51 8579.23 9169.29
0 26 8 1 0 1 6857.43 3580.65 1994.93
0 20 10 1 0 1 6857.43 6831.87 9457.45
0 45 8 1 0 1 6857.43 9537.05 9408.69
0 33 11 1 0 1 6857.43 11637.1 0
0 41 3 1 0 1 6990.66 3222.58 9497.35
0 25 7 1 0 1 7131.73 10741.9 8866.36
0 35 11 1 0 1 7335.49 8557.74 7388.63
0 35 11 1 0 1 7335.49 8557.74 7388.63
0 41 4 1 0 0 7494.2 5370.97 5910.91
0 36 6 1 0 0 7494.2 7447.74 4433.18
0 52 5 1 0 1 7523.58 4296.77 2216.59
0 52 5 1 0 1 7523.58 4296.77 2216.59
0 29 10 1 0 1 7641.14 8122.69 5910.91
0 42 10 1 0 0 7837.07 1718.71 0
0 22 11 1 0 1 7837.07 5012.9 3694.32
0 27 11 1 0 1 7837.07 5370.97 7388.63
0 42 5 1 0 1 7837.07 7161.29 14777.3
0 42 5 1 0 1 7837.07 7161.29 14777.3
0 28 9 1 0 1 7837.07 8235.48 8718.59
0 45 9 1 0 1 7837.07 8951.61 8866.36
0 45 6 1 0 1 7837.07 8951.61 9605.22
0 34 9 1 0 1 7837.07 11211 12037.6
0 49 5 1 0 1 7944.83 7698.39 11993.2
0 27 7 1 0 1 7954.62 7161.29 5910.91
0 21 11 1 0 1 8032.99 4848.19 8570.81
0 54 6 1 0 1 8354.31 0 0
0 40 9 1 0 1 8424.85 6572.27 8866.36
0 41 5 1 0 1 8424.85 10741.9 8689.03
0 29 10 1 0 1 8464.03 8325 23643.6
0 29 10 1 0 1 8659.96 10892.3 51.7204
0 26 10 1 0 1 8816.7 0 7388.63
0 40 8 1 0 1 8816.7 8056.45 7184.71
0 40 7 1 0 1 8816.7 8951.61 11821.8
0 49 7 1 0 0 8816.7 11270.1 8969.8
0 50 8 1 0 1 8985.2 9846.77 9102.8
0 24 8 1 0 1 9008.71 13033.5 16255
0 24 10 1 0 1 9012.63 6624.19 8955.02
0 30 11 1 0 1 9228.15 8808.39 17882
0 26 10 1 0 1 9404.48 4923.39 17732.7
0 50 5 1 0 1 9404.48 10136.8 9266.82
0 22 10 1 0 1 9717.96 9023.23 13299.5
0 40 7 1 0 1 9737.56 8674.11 9221.01
0 52 5 1 0 1 9796.33 1074.19 0
0 49 5 1 0 1 9796.33 5370.97 0
0 20 10 1 0 1 9796.33 5370.97 7388.63
0 44 5 1 0 1 9796.33 8951.61 8866.36
0 34 9 1 0 1 9796.33 8951.61 10344.1
0 46 9 1 0 0 9796.33 9309.68 8866.36
0 47 4 1 0 0 9796.33 10741.9 5910.91
0 24 11 1 0 1 9796.33 10741.9 13299.5
0 39 5 1 0 1 9796.33 10741.9 19210.4
0 32 11 1 0 0 9796.33 14322.6 886.636
0 23 11 1 0 1 9980.51 6266.13 10344.1
0 39 11 1 0 1 9992.26 11637.1 7260.07
0 41 10 1 0 1 10090.2 14757.6 9753
0 32 10 1 0 0 10188.2 8951.61 0
0 40 5 1 0 1 10188.2 12174.2 0
0 37 11 1 0 1 10188.2 13964.5 13299.5
0 37 11 1 0 1 10188.2 13964.5 13299.5
0 50 11 1 0 0 10188.2 17903.2 14777.3
0 29 10 1 0 1 10384.1 7304.52 11501.1
0 28 7 1 0 1 10488 8260.55 8127.5
0 39 9 1 0 1 10580 9667.74 11821.8
0 39 9 1 0 1 10580 9667.74 11821.8
0 34 8 1 0 1 10580 12532.3 19210.4
0 53 7 1 0 1 10584 17525.5 15926.9
0 53 7 1 0 1 10584 17525.5 15926.9
0 49 10 1 0 1 10776 0 5319.82
0 49 10 1 0 1 10776 0 5319.82
0 47 6 1 0 1 10776 8056.45 0
0 30 9 1 0 1 10776 8951.61 16255
0 31 9 1 0 1 10776 8951.61 5910.91
0 44 7 1 0 1 10776 10741.9 1078.74
0 48 10 1 0 1 10785.8 5370.97 14895.5
0 27 11 1 0 1 10897.4 3938.71 7684.18
0 22 11 1 0 0 10971.9 7161.29 7675.31
0 22 11 1 0 0 11069.9 5191.94 9605.22
0 26 6 1 0 1 11461.7 9807.39 7979.72
0 22 9 1 0 1 11708.6 10419.7 9079.15
0 33 6 1 0 1 11739.9 5958.19 9788.46
0 34 11 1 0 0 11755.6 2148.39 15516.1
0 23 11 1 0 1 11755.6 5818.55 10048.5
0 25 9 1 0 0 11755.6 7161.29 6649.77
0 28 9 1 0 1 11755.6 7161.29 11821.8
0 35 11 1 0 1 11755.6 8951.61 0
0 29 10 1 0 1 11755.6 9780.53 8866.36
0 42 8 1 0 1 11755.6 10741.9 11821.8
0 47 11 1 0 1 11755.6 10741.9 14260.1
0 39 10 1 0 0 11755.6 12532.3 25248.4
0 43 8 1 0 1 11755.6 12532.3 12930.1
0 43 8 1 0 1 11755.6 12532.3 12930.1
0 28 10 1 0 1 11755.6 15217.7 10639.6
0 47 11 1 0 1 11755.6 16053.8 0
0 53 4 1 0 1 11892.7 8951.61 10344.1
0 54 4 1 0 0 11933.9 10965.7 11821.8
0 44 7 1 0 1 11967.2 14566.1 14147.8
0 54 3 1 0 1 12225.8 9606.87 11821.8
0 34 10 1 0 1 12343.4 11637.1 9900.77
0 48 5 1 0 1 12343.4 13606.5 13323.2
0 22 11 1 0 1 12539.3 21483.9 13299.5
0 25 10 1 0 1 12696 8951.61 14777.3
0 53 6 1 0 1 12735.2 10741.9 13299.5
0 31 6 1 0 0 12735.2 10741.9 5910.91
0 50 6 1 0 1 13033 4092.68 0
0 31 11 1 0 1 13127.1 14859.7 16255
0 21 9 1 0 0 13127.1 16327.7 8866.36
0 36 11 1 0 1 13140.8 12532.3 12811.9
0 40 10 1 0 1 13244.6 19693.5 17732.7
0 44 9 1 0 1 13366.1 14644.8 12435.1
0 46 8 1 0 1 13714.9 7089.68 0
0 48 6 1 0 0 13714.9 11637.1 10604.2
0 50 7 1 0 1 13714.9 12532.3 16255
0 50 7 1 0 1 13714.9 12532.3 16255
0 26 11 1 0 1 13714.9 13248.4 11082.9
0 30 10 1 0 0 13714.9 14322.6 2364.36
0 46 10 1 0 1 13714.9 16112.9 15522
0 50 7 1 0 1 13714.9 17903.2 16255
0 33 10 1 0 0 13754.1 13964.5 16905.2
0 53 5 1 0 1 14008.8 2660.42 11082.9
0 24 10 1 0 1 14482.9 10741.9 11821.8
0 55 3 1 0 1 14547.6 13463.2 10344.1
0 41 10 1 0 0 14678.8 15253.5 11821.8
0 25 11 1 0 1 14694.5 6624.19 7107.86
0 23 11 1 0 1 14694.5 13427.4 17732.7
0 42 11 1 0 0 14694.5 15217.7 11821.8
0 36 7 1 0 1 14694.5 15754.8 19210.4
0 39 6 1 0 1 14694.5 16471 28076.8
0 53 9 1 0 1 14945.3 13697.8 14186.2
0 53 8 1 0 1 15086.4 15649.2 12921.2
0 31 8 1 0 1 15176.5 10851.1 19605
0 19 11 1 0 0 15587.9 10741.9 0
0 31 11 1 0 0 15674.1 4316.47 7093.09
0 25 11 1 0 0 15674.1 6982.26 13890.6
0 23 11 1 0 1 15674.1 8414.52 8866.36
0 34 10 1 0 0 15674.1 12532.3 25121.4
0 37 9 1 0 1 15674.1 16112.9 19210.4
0 53 6 1 0 1 15674.1 16112.9 9974.65
0 35 10 1 0 1 15674.1 16471 23643.6
0 54 2 1 0 1 15674.1 16990.2 18096.2
0 35 11 1 0 1 15674.1 17903.2 0
0 41 7 1 0 1 15674.1 32225.8 11082.9
0 51 8 1 0 1 15987.6 5800.65 0
0 30 7 1 0 1 15995.5 15387.8 13151.8
0 53 4 1 0 1 16142.4 984.677 0
0 48 8 1 0 1 16261.9 11637.1 5172.04
0 48 8 1 0 1 16261.9 11637.1 5172.04
0 47 6 1 0 1 16261.9 14412.1 14260.1
0 47 8 1 0 1 16301.1 17129.8 17732.7
0 47 8 1 0 1 16301.1 17129.8 17732.7
0 31 11 1 0 1 16453.9 19693.5 14777.3
0 35 10 1 0 0 17045.6 14322.6 16846.1
0 25 7 1 0 0 17045.6 16138 11821.8
0 23 11 1 0 1 17116.2 10741.9 8866.36
0 55 8 1 0 1 17241.5 17903.2 16255
0 33 11 1 0 1 17370.9 15844.4 14753.6
0 31 9 1 0 0 17437.5 13427.4 11326.8
0 42 8 1 0 0 17633.4 10562.9 0
0 23 9 1 0 1 17633.4 12532.3 14777.3
0 43 11 1 0 1 17633.4 14322.6 17732.7
0 43 11 1 0 1 17633.4 14322.6 17732.7
0 50 9 1 0 1 17633.4 16112.9 16255
0 25 11 1 0 1 17633.4 21483.9 26599.1
0 44 8 1 0 1 17633.4 21483.9 19210.4
0 36 10 1 0 0 17633.4 21483.9 17732.7
0 40 2 1 0 1 17645.2 13427.4 8866.36
0 44 5 1 0 1 17688.3 17903.2 19210.4
0 46 11 1 0 1 17868.5 17903.2 13326.1
0 44 11 1 0 1 17929.3 18588.9 19210.4
0 41 10 1 0 1 18025.3 17366.1 21427
0 36 11 1 0 1 18025.3 21483.9 26599.1
0 46 3 1 0 1 18319.1 14322.6 19949.3
0 36 10 1 0 1 18417.1 16112.9 22165.9
0 27 8 1 0 1 18417.1 22916.1 31032.3
0 24 11 1 0 0 18613 20230.6 31032.3
0 34 11 1 0 1 18809 17903.2 14777.3
0 33 9 1 0 1 19396.7 16112.9 19210.4
0 20 7 1 0 1 19592.7 11637.1 14777.3
0 28 11 1 0 1 19592.7 12890.3 7130.03
0 44 6 1 0 1 19592.7 14322.6 5615.36
0 25 5 1 0 1 19592.7 16650 28076.8
0 30 11 1 0 1 19592.7 24547.1 22165.9
0 43 6 1 0 1 19912 16112.9 20688.2
0 55 6 1 0 1 19963 26854.8 14777.3
0 53 10 1 0 1 20062.9 15502.4 13299.5
0 40 11 1 0 1 20278.4 16112.9 19210.4
0 50 7 1 0 1 20384.2 17008.1 17732.7
0 38 9 1 0 1 20388.1 22407.7 16255
0 44 10 1 0 1 20993.5 19190.5 25068.2
0 44 10 1 0 1 20993.5 19190.5 25068.2
0 34 10 1 0 1 21551.9 10083.1 18471.6
0 48 6 1 0 1 21551.9 16112.9 17732.7
0 41 10 1 0 1 21551.9 20767.7 25121.4
0 33 8 1 0 1 21551.9 22379 27485.7
0 22 10 1 0 1 21551.9 25064.5 31032.3
0 54 9 1 0 0 21551.9 30435.5 33987.7
0 30 10 1 0 1 22335.6 0 121174
0 49 4 1 0 1 22968.5 28645.2 22165.9
0 33 10 1 0 1 23511.2 12532.3 18471.6
0 52 8 1 0 0 23511.2 15217.7 7093.09
0 36 7 1 0 1 23511.2 21483.9 13299.5
0 51 8 1 0 1 23511.2 23274.2 23643.6
0 50 8 1 0 1 23707.1 28913.7 31032.3
0 44 11 1 0 1 24294.9 35806.5 29554.5
0 44 11 1 0 1 24294.9 35806.5 29554.5
0 35 9 1 0 1 24686.8 16829 20392.6
0 52 7 1 0 0 25470.5 17903.2 25121.4
0 46 8 1 0 1 25470.5 21483.9 11390.3
0 44 3 1 0 1 25470.5 21483.9 26599.1
0 40 10 1 0 0 25470.5 23274.2 20688.2
0 26 8 1 0 1 25470.5 23274.2 23643.6
0 35 9 1 0 1 26134.7 24169.4 26599.1
0 51 10 1 0 1 27037.9 21483.9 26894.6
0 51 10 1 0 1 27429.7 25064.5 24382.5
0 41 7 1 0 1 27429.7 26708 14777.3
0 39 8 1 0 1 27429.7 26854.8 28076.8
0 48 10 1 0 1 27429.7 30435.5 29554.5
0 48 10 1 0 1 27429.7 30435.5 29554.5
0 49 6 1 0 1 27429.7 34016.1 32510
0 46 9 1 0 1 28605.3 32225.8 41376.3
0 45 9 1 0 1 28863.9 26854.8 36943.2
0 37 11 1 0 1 29389 21483.9 13063.1
0 36 11 1 0 0 29389 25983 45809.5
0 47 10 1 0 1 29389 26854.8 0
0 47 10 1 0 1 29389 26854.8 0
0 19 11 1 0 0 29726 8806.6 9457.45
0 32 10 1 0 1 30930.9 35806.5 38125.3
0 51 11 1 0 1 31348.3 21483.9 26008
0 42 6 1 0 1 31348.3 28645.2 20688.2
0 42 5 1 0 1 31348.3 32225.8 23643.6
0 55 7 1 0 1 32504.2 26854.8 31918.9
0 55 7 1 0 1 32504.2 26854.8 31918.9
0 51 8 1 0 1 33299.7 25064.5 25121.4
0 55 2 1 0 1 33307.5 20946.8 28076.8
0 51 8 1 0 1 35266.8 25064.5 1182.18
0 52 8 1 0 1 35266.8 33121 44147.1
0 41 8 1 0 1 36691.2 32888.2 42263
0 48 8 1 0 1 37226.1 26854.8 30569.7
0 48 8 1 0 1 37226.1 26854.8 30569.7
0 47 12 0 0 0 0 0 0
0 44 12 0 0 0 0 0 0
0 54 12 0 0 1 0 0 0
0 55 12 0 1 1 0 0 0
0 47 12 0 0 1 0 0 0
0 44 12 0 0 1 0 0 0
0 49 14 0 0 1 0 0 0
0 55 14 0 0 1 0 0 0
0 34 16 0 0 1 0 0 11821.8
0 55 13 0 1 1 0 0 0
0 52 12 0 0 1 0 0 0
0 52 15 0 0 1 0 0 0
0 30 16 0 0 1 0 0 0
0 21 12 0 0 0 0 0 0
0 30 17 0 0 0 0 0 0
0 44 12 0 0 1 0 0 0
0 46 12 0 0 0 0 0 0
0 53 17 0 0 1 0 0 0
0 26 16 0 0 0 0 0 9014.13
0 49 12 0 0 1 0 0 13299.5
0 39 15 0 0 1 0 0 1921.04
0 26 17 0 0 1 0 0 11821.8
0 32 16 0 0 1 0 0 0
0 34 12 0 0 1 0 0 0
0 31 14 0 0 1 0 0 0
0 39 17 0 1 1 0 0 8866.36
0 40 17 0 0 1 0 0 0
0 31 12 0 0 1 0 0 0
0 27 13 0 0 1 0 0 28076.8
0 48 12 0 0 1 0 0 0
0 41 13 0 0 1 0 0 0
0 26 14 0 0 0 0 0 0
0 50 17 0 0 0 0 0 0
0 48 12 0 0 1 0 0 12930.1
0 45 16 0 0 1 0 0 0
0 37 13 0 0 1 0 0 0
0 33 12 0 0 1 0 0 0
0 31 12 0 0 1 0 0 0
0 44 13 0 0 1 0 0 0
0 28 17 0 0 1 0 0 0
0 30 17 0 0 1 0 0 0
0 42 16 0 0 1 0 0 0
0 30 12 0 0 1 0 0 0
0 27 16 0 0 1 0 0 0
0 37 12 0 0 1 0 0 0
0 37 12 0 0 1 0 0 0
0 45 12 0 0 1 0 0 22165.9
0 35 16 0 0 1 0 0 0
0 37 17 0 0 1 0 0 66497.7
0 27 17 0 0 1 0 0 0
0 47 14 0 0 1 0 0 0
0 48 12 0 0 1 0 0 0
0 42 12 0 0 1 0 0 0
0 43 12 0 0 1 0 0 0
0 46 12 0 0 1 0 0 0
0 46 12 0 0 1 0 0 0
0 46 12 0 0 1 0 0 0
0 29 16 0 0 1 0 0 8396.44
0 39 13 0 0 1 0 0 0
0 32 12 0 0 1 0 0 0
0 48 16 0 0 1 0 0 0
0 48 16 0 0 1 0 0 0
0 41 13 0 0 1 0 0 0
0 42 13 0 0 1 0 0 0
0 42 13 0 0 1 0 0 0
0 42 13 0 0 1 0 0 0
0 54 13 0 0 1 0 0 0
0 29 14 0 0 1 0 0 0
0 54 12 0 0 1 0 0 0
0 54 12 0 0 1 0 0 0
0 26 14 0 0 1 0 0 0
0 43 17 0 0 1 0 0 36943.2
0 54 12 0 0 1 0 0 0
0 37 12 0 0 1 0 0 0
0 54 16 0 0 1 0 0 0
0 48 17 0 0 1 0 0 0
0 44 12 0 0 1 0 0 0
0 54 12 0 0 1 0 0 0
0 38 12 0 0 1 0 0 0
0 37 13 0 0 1 0 0 0
0 27 17 0 0 1 0 0 0
0 51 12 0 0 1 0 0 0
0 39 12 0 0 1 0 0 0
0 55 14 0 0 1 0 0 0
0 54 13 0 0 1 0 0 0
0 54 13 0 0 1 0 0 0
0 34 12 0 0 1 0 0 0
0 50 14 0 0 1 0 0 0
0 50 12 0 0 1 0 0 0
0 21 14 0 1 0 0 71.6129 3657.37
0 26 12 0 0 1 0 71.6129 0
0 21 13 0 0 0 0 692.855 2659.91
0 23 16 0 0 1 0 1521.77 0
0 21 15 0 0 0 0 3222.58 14777.3
0 23 14 0 0 0 0 3401.61 5319.82
0 27 16 0 0 1 0 4833.87 0
0 25 12 0 0 1 0 5729.03 26599.1
0 27 17 0 0 0 0 6087.1 7388.63
0 55 12 0 0 1 0 6266.13 10344.1
0 20 12 0 0 1 0 7161.29 0
0 18 12 0 0 1 0 8056.45 19210.4
0 27 12 0 0 1 0 8235.48 20688.2
0 28 16 0 0 1 0 8951.61 36943.2
0 36 12 0 0 1 0 10741.9 0
0 27 13 0 0 1 0 16112.9 29554.5
0 45 17 0 0 1 0 16112.9 17732.7
0 45 17 0 0 1 0 16112.9 17732.7
0 45 17 0 0 1 0 16112.9 17732.7
0 31 12 0 0 1 0 17903.2 0
0 34 12 0 0 1 0 17903.2 63542.2
0 34 12 0 0 1 0 17903.2 63542.2
0 47 14 0 0 1 0 17903.2 22165.9
0 35 16 0 0 1 0 19693.5 17732.7
0 43 17 0 0 1 0 21161.6 29554.5
0 29 15 0 0 0 0 21483.9 22313.7
0 31 12 0 0 1 0 21483.9 20688.2
0 52 12 0 0 1 0 21483.9 22165.9
0 22 16 0 0 0 0 22558.1 32510
0 53 15 0 0 1 0 24169.4 28076.8
0 29 17 0 0 1 0 25959.7 36898.8
0 31 13 0 0 1 0 25959.7 39898.6
0 35 12 0 0 1 0 26138.7 29554.5
0 29 16 0 0 1 0 26854.8 23643.6
0 39 12 0 0 1 0 28645.2 31032.3
0 37 14 0 0 1 0 32225.8 0
0 30 14 0 0 1 0 32225.8 22165.9
0 43 17 0 0 1 0 42251.6 41376.3
0 32 17 0 0 1 0 46548.4 39898.6
0 44 12 0 0 1 0 71612.9 81275
0 32 16 0 0 1 577.984 6910.65 18609
0 22 13 0 0 0 783.707 0 2305.25
0 35 15 0 0 1 979.633 537.097 0
0 26 15 0 0 0 979.633 1879.84 3251
0 29 17 0 0 1 979.633 8951.61 0
0 19 12 0 0 1 1154.01 8593.55 26599.1
0 48 16 0 0 1 1240.22 1466.27 1152.63
0 48 16 0 0 1 1240.22 1466.27 1152.63
0 24 17 0 0 1 1371.49 0 24825.8
0 27 16 0 0 1 1469.45 1253.23 4363.73
0 21 14 0 0 0 1506.68 2685.48 11082.9
0 53 13 0 0 1 1567.41 3938.71 4728.73
0 53 13 0 0 1 1567.41 3938.71 4728.73
0 53 16 0 0 1 1665.38 0 2955.45
0 22 15 0 0 1 1763.34 5370.97 22165.9
0 21 15 0 0 0 1763.34 9667.74 4137.63
0 30 12 0 0 1 1959.27 1790.32 1477.73
0 27 16 0 0 1 1959.27 17545.2 21427
0 22 15 0 0 0 1967.1 2864.52 5024.27
0 23 13 0 0 1 2155.19 5370.97 11378.5
0 33 12 0 0 1 2351.12 0 2770.74
0 24 13 0 0 0 2351.12 3127.69 14777.3
0 22 16 0 0 0 2351.12 23274.2 25860.2
0 19 12 0 0 1 2547.05 10741.9 0
0 22 15 0 0 1 2547.05 17187.1 25860.2
0 43 14 0 0 1 2645.01 0 6992.6
0 39 12 0 0 1 2742.97 7161.29 11821.8
0 19 14 0 0 0 2938.9 3222.58 0
0 26 17 0 0 1 2938.9 12532.3 23643.6
0 18 12 0 0 1 3134.83 11100 20688.2
0 23 15 0 0 1 3320.96 2506.45 9974.65
0 27 12 0 0 1 3526.68 0 5910.91
0 29 17 0 0 1 3526.68 15217.7 24382.5
0 27 12 0 0 1 3722.61 254.226 1090.56
0 27 15 0 0 1 3722.61 4654.84 19210.4
0 22 12 0 0 1 3918.53 15396.8 39898.6
0 26 17 0 0 0 4173.24 11637.1 9457.45
0 20 12 0 0 1 4310.39 0 4433.18
0 30 17 0 0 1 4310.39 4296.77 22476.2
0 42 16 0 0 0 4398.55 17903.2 16255
0 21 14 0 0 1 4506.31 9309.68 23052.5
0 25 16 0 0 1 4604.28 2954.03 0
0 27 15 0 0 1 4702.24 0 0
0 26 17 0 0 1 4702.24 19693.5 26599.1
0 29 16 0 0 1 4800.2 17187.1 23643.6
0 20 12 0 0 0 4811.96 716.129 0
0 52 12 0 0 1 4898.17 0 0
0 23 17 0 0 0 4898.17 2148.39 33987.7
0 21 14 0 0 1 4898.17 7161.29 17141.6
0 24 16 0 0 0 4898.17 8951.61 17732.7
0 30 17 0 0 1 4898.17 12084.7 5172.04
0 25 17 0 0 0 4996.13 17414.5 5030.18
0 21 12 0 0 1 5094.09 6803.23 7388.63
0 28 12 0 0 1 5094.09 10741.9 9014.13
0 20 12 0 0 1 5182.26 6266.13 15244.2
0 36 16 0 0 0 5290.02 4833.87 5319.82
0 47 12 0 0 1 5868 9513.77 5319.82
0 24 16 0 0 1 5877.8 4833.87 33987.7
0 25 17 0 0 1 5877.8 10562.9 30101.3
0 21 16 0 0 1 5877.8 10562.9 16993.9
0 26 14 0 0 1 5877.8 13427.4 31032.3
0 20 13 0 1 1 6073.73 10025.8 27337.9
0 27 14 0 0 1 6269.65 0 26008
0 26 12 0 0 0 6269.65 11637.1 10344.1
0 23 17 0 0 1 6367.62 5370.97 0
0 21 12 0 0 1 6661.51 12532.3 25121.4
0 28 14 0 0 1 6739.88 7877.42 13742.9
0 25 14 0 0 0 6857.43 1790.32 0
0 30 12 0 0 1 6857.43 3222.58 3251
0 22 13 0 0 0 6857.43 6266.13 17363.3
0 23 16 0 0 1 6857.43 14143.5 22165.9
0 19 13 0 0 0 6857.43 15217.7 17732.7
0 21 14 0 0 1 6974.99 11407.9 17141.6
0 29 17 0 0 1 7053.36 7161.29 8866.36
0 27 16 0 0 1 7053.36 11637.1 25121.4
0 28 15 0 0 1 7249.29 15217.7 9161.9
0 26 12 0 0 1 7406.03 0 2955.45
0 54 12 0 0 1 7445.21 0 0
0 27 15 0 0 1 7445.21 10741.9 18471.6
0 26 13 0 0 0 7449.13 5729.03 9605.22
0 21 12 0 0 1 7523.58 7934.71 0
0 21 13 0 0 1 7688.16 12743.5 11082.9
0 22 13 0 0 0 7739.1 3759.68 16255
0 27 16 0 0 0 7837.07 0 0
0 37 15 0 1 1 7837.07 179.032 11821.8
0 33 13 0 0 0 7837.07 3580.65 16255
0 28 12 0 0 1 7837.07 4475.81 15663.9
0 24 12 0 0 0 7837.07 5370.97 5910.91
0 22 12 0 0 0 7837.07 7497.87 17732.7
0 23 12 0 0 1 7837.07 8951.61 12058.2
0 19 12 0 1 1 7837.07 12532.3 13299.5
0 27 14 0 0 0 7837.07 14322.6 16255
0 22 16 0 0 1 7837.07 16112.9 16255
0 42 12 0 0 1 7837.07 16112.9 15516.1
0 20 13 0 0 0 7837.07 17491.5 2216.59
0 29 13 0 0 0 7958.54 0 0
0 19 12 0 0 1 8054.55 9309.68 11963.7
0 26 12 0 0 1 8228.92 13606.5 11969.6
0 21 16 0 0 0 8228.92 22379 27337.9
0 29 12 0 0 1 8389.58 5908.06 14481.7
0 25 12 0 0 0 8683.47 9130.65 15811.7
0 21 12 0 0 1 8816.7 5729.03 18096.2
0 22 12 0 0 1 8816.7 9939.87 15486.6
0 22 12 0 0 1 8816.7 10741.9 19653.8
0 18 12 0 0 0 8816.7 14322.6 22165.9
0 25 12 0 0 1 8816.7 16112.9 26599.1
0 21 13 0 0 1 8816.7 17903.2 28224.6
0 27 12 0 0 1 8816.7 44758.1 0
0 23 12 0 0 1 8840.21 7161.29 10416.5
0 21 12 0 0 1 8867.64 14995.7 17732.7
0 31 17 0 0 1 9012.63 29465.1 39817.3
0 19 12 0 0 1 9208.55 5550 11526.3
0 46 12 0 0 1 9284.97 8504.03 10376.6
0 24 12 0 0 1 9371.17 2864.52 2216.59
0 20 13 0 1 0 9404.48 0 8275.27
0 24 17 0 0 1 9404.48 5370.97 22904.8
0 23 12 0 0 1 9404.48 9130.65 11821.8
0 34 12 0 0 1 9404.48 9166.45 23475.2
0 35 12 0 0 1 9404.48 9313.26 11821.8
0 23 12 0 0 0 9404.48 11834 16846.1
0 21 12 0 1 1 9496.57 8772.58 10512.5
0 26 12 0 0 1 9561.22 0 13299.5
0 23 13 0 0 1 9698.37 8593.55 23643.6
0 27 12 0 1 1 9698.37 11279 14038.4
0 50 12 0 1 1 9788.5 9846.77 13299.5
0 25 12 0 0 1 9796.33 2685.48 25121.4
0 21 13 0 0 1 9796.33 8593.55 28787.6
0 19 12 0 0 1 9796.33 9846.77 20688.2
0 20 12 0 0 1 9796.33 10204.8 29259
0 32 12 0 0 1 9796.33 11458.1 11821.8
0 24 13 0 0 1 9796.33 11458.1 11526.3
0 26 14 0 0 1 9796.33 13427.4 20688.2
0 20 12 0 0 1 9796.33 13427.4 10713.5
0 24 17 0 0 0 9796.33 16112.9 36943.2
0 21 13 0 0 0 9796.33 16112.9 20688.2
0 22 12 0 0 0 9951.12 14322.6 14777.3
0 47 12 0 0 1 9968.75 10523.5 11283.9
0 22 12 0 0 0 9992.26 15754.8 19949.3
0 35 12 0 0 1 10188.2 9309.68 11821.8
0 49 12 0 0 1 10231.3 11082.1 6537.46
0 23 12 0 0 1 10290.1 10562.9 9221.01
0 25 17 0 0 1 10384.1 22004.9 49430
0 23 16 0 0 1 10384.1 26854.8 11821.8
0 34 17 0 0 0 10580 7161.29 5910.91
0 21 12 0 0 1 10580 8056.45 12117.4
0 23 12 0 0 1 10776 5370.97 11821.8
0 23 12 0 0 1 10776 7161.29 16993.9
0 32 17 0 0 0 10776 7161.29 0
0 34 12 0 0 1 10776 11637.1 14186.2
0 29 12 0 0 1 10776 12532.3 25860.2
0 28 14 0 0 1 10776 13427.4 0
0 18 12 0 0 0 10776 14322.6 21427
0 25 13 0 0 1 10776 16739.5 18966.6
0 26 17 0 0 1 10776 29182.3 35465.4
0 24 12 0 0 0 10873.9 15754.8 20132.5
0 23 12 0 0 1 10971.9 10204.8 31032.3
0 23 16 0 0 0 10971.9 18798.4 20924.6
0 46 12 0 0 1 11167.8 7161.29 17732.7
0 41 12 0 0 1 11167.8 10741.9 12412.9
0 19 12 0 0 1 11201.1 14143.5 24338.2
0 29 12 0 0 1 11259.9 9041.13 26599.1
0 22 12 0 0 1 11363.7 4654.84 13299.5
0 21 12 0 0 0 11363.7 9667.74 13299.5
0 27 12 0 0 1 11363.7 12532.3 4137.63
0 37 12 0 0 1 11430.4 11372.1 8866.36
0 44 12 0 0 1 11559.7 7340.32 27781.3
0 38 16 0 0 1 11559.7 7877.42 17732.7
0 34 12 0 0 1 11755.6 0 11821.8
0 49 12 0 0 0 11755.6 0 0
0 23 12 0 0 1 11755.6 0 17732.7
0 43 12 0 0 1 11755.6 0 295.545
0 28 16 0 0 0 11755.6 6445.16 0
0 53 12 0 0 1 11755.6 9893.32 5172.04
0 21 12 0 0 1 11755.6 10204.8 12560.7
0 21 12 0 0 1 11755.6 10741.9 6649.77
0 24 12 0 0 1 11755.6 11074.9 13742.9
0 21 12 0 0 0 11755.6 11637.1 10048.5
0 23 14 0 0 1 11755.6 11637.1 25121.4
0 28 12 0 0 1 11755.6 12532.3 0
0 28 12 0 0 1 11755.6 12532.3 0
0 25 17 0 0 1 11755.6 12621.8 28963.4
0 23 13 0 0 1 11755.6 13427.4 16255
0 30 12 0 0 1 11755.6 13635.1 26599.1
0 23 12 0 0 1 11755.6 13785.5 14186.2
0 26 12 0 0 1 11755.6 14322.6 20688.2
0 26 12 0 0 1 11755.6 14322.6 17732.7
0 22 12 0 0 1 11755.6 14465.8 18102.2
0 28 16 0 0 1 11755.6 15217.7 20688.2
0 24 16 0 0 1 11755.6 16112.9 31032.3
0 19 12 0 0 0 11755.6 19335.5 16255
0 38 14 0 0 1 11755.6 19693.5 0
0 38 14 0 0 0 11755.6 21483.9 7388.63
0 45 12 0 0 1 11771.3 11270.1 16822.4
0 31 16 0 0 1 11785 9846.77 5390.75
0 25 14 0 0 1 11973.1 14322.6 14777.3
0 22 12 0 0 1 12051.5 16025.2 13151.8
0 36 12 0 0 1 12147.5 13964.5 13299.5
0 27 12 0 0 1 12147.5 14322.6 20142.9
0 33 12 0 0 1 12147.5 16112.9 24382.5
0 27 12 0 0 1 12147.5 23274.2 26599.1
0 46 12 0 0 1 12343.4 11637.1 11230.7
0 23 14 0 0 1 12343.4 12532.3 14186.2
0 25 16 0 0 1 12343.4 13606.5 21427
0 27 14 0 0 1 12419.8 16829 25179
0 49 16 0 0 1 12504 12353.2 12560.7
0 22 12 0 0 1 12539.3 12532.3 14369.4
0 28 16 0 0 1 12572.6 21483.9 23495.9
0 22 13 0 0 0 12735.2 12532.3 17732.7
0 23 17 0 0 0 12735.2 14322.6 28076.8
0 26 12 0 0 1 12735.2 14322.6 14925
0 22 12 0 0 0 12735.2 16112.9 21131.5
0 31 14 0 0 1 12735.2 17724.2 29850.1
0 31 14 0 0 1 12735.2 17724.2 29850.1
0 54 12 0 0 1 12735.2 17894.3 19343.4
0 19 13 0 0 1 12735.2 19693.5 28815.7
0 26 17 0 0 1 12735.2 25064.5 26599.1
0 28 12 0 0 1 12813.6 7161.29 16255
0 20 12 0 0 1 12931.2 2363.23 14777.3
0 26 12 0 0 1 12931.2 11100 22165.9
0 25 17 0 0 1 12935.1 22379 36943.2
0 24 12 0 0 1 13029.1 13964.5 41571.4
0 22 12 0 0 1 13127.1 8951.61 13595.1
0 27 17 0 0 1 13127.1 10741.9 29554.5
0 26 12 0 0 1 13127.1 12174.2 12687.8
0 19 12 0 0 1 13127.1 12532.3 24382.5
0 29 17 0 0 1 13127.1 19693.5 0
0 20 12 0 0 1 13244.6 8772.58 17289.4
0 25 12 0 0 1 13291.7 14202.6 14777.3
0 29 16 0 0 1 13323 5370.97 17732.7
0 23 14 0 0 0 13323 12174.2 14777.3
0 28 12 0 0 1 13323 12532.3 10935.2
0 30 14 0 0 1 13323 14322.6 14777.3
0 24 12 0 1 1 13493.5 16471 21035.4
0 27 12 0 0 1 13597.3 15833.6 13246.3
0 42 13 0 0 1 13701.2 0 33987.7
0 47 12 0 0 1 13714.9 0 12560.7
0 26 12 0 0 1 13714.9 716.129 22904.8
0 21 12 0 0 1 13714.9 3222.58 14038.4
0 25 16 0 0 0 13714.9 6042.34 0
0 23 12 0 0 0 13714.9 10741.9 15959.4
0 31 12 0 0 1 13714.9 12532.3 14777.3
0 30 12 0 0 1 13714.9 12532.3 2563.86
0 28 17 0 0 1 13714.9 13427.4 6827.1
0 24 12 0 0 1 13714.9 13427.4 17732.7
0 28 12 0 0 1 13714.9 13606.5 19210.4
0 23 12 0 0 0 13714.9 14322.6 22165.9
0 35 12 0 0 0 13714.9 15038.7 26599.1
0 27 14 0 0 1 13714.9 15217.7 13447.3
0 23 12 0 0 1 13714.9 15754.8 24205.2
0 24 12 0 0 1 13714.9 16112.9 16255
0 33 12 0 0 1 13714.9 18082.3 26081.9
0 45 14 0 0 1 13714.9 19102.7 30145.6
0 45 14 0 0 1 13714.9 19102.7 30145.6
0 45 17 0 0 1 13714.9 23095.2 6649.77
0 23 16 0 0 0 13714.9 25601.6 31623.3
0 26 17 0 0 1 13714.9 29540.3 29554.5
0 21 14 0 0 1 13832.4 8777.95 591.091
0 20 12 0 0 1 13903 14322.6 19653.8
0 29 12 0 0 1 13910.8 7161.29 19210.4
0 22 12 0 1 1 13910.8 8611.45 16218
0 24 12 0 0 0 13910.8 13427.4 19210.4
0 27 12 0 0 1 13910.8 14859.7 15072.8
0 23 12 0 0 1 14063.6 11100 14777.3
0 24 16 0 0 1 14067.5 24706.5 37829.8
0 23 16 0 0 0 14106.7 6266.13 2955.45
0 33 14 0 0 1 14106.7 14322.6 17732.7
0 21 12 0 0 0 14106.7 17903.2 22165.9
0 23 12 0 0 1 14106.7 23453.2 0
0 24 12 0 0 1 14373.2 19693.5 7388.63
0 34 12 0 0 1 14498.6 14322.6 10048.5
0 44 12 0 0 1 14498.6 14424.6 14579.3
0 23 12 0 0 1 14498.6 19335.5 19210.4
0 51 12 0 0 1 14533.8 19246 17732.7
0 41 12 0 0 1 14684.7 23274.2 26599.1
0 37 13 0 0 1 14694.5 8951.61 17732.7
0 26 16 0 0 1 14694.5 11637.1 20688.2
0 23 13 0 0 1 14694.5 14322.6 20688.2
0 27 12 0 0 1 14694.5 14322.6 19210.4
0 21 12 0 0 1 14694.5 15217.7 23643.6
0 28 12 0 0 1 14694.5 15933.9 0
0 22 13 0 0 1 14694.5 16112.9 0
0 20 12 0 0 1 14694.5 16112.9 26599.1
0 24 16 0 0 1 14694.5 16471 27337.9
0 22 12 0 0 1 14694.5 16829 21870.4
0 27 12 0 1 1 14694.5 16829 37829.8
0 23 16 0 0 1 14694.5 19693.5 29554.5
0 22 16 0 0 1 14694.5 19693.5 2955.45
0 23 16 0 0 1 14694.5 23274.2 25121.4
0 20 12 0 0 1 14694.5 26854.8 31032.3
0 24 12 0 0 1 14890.4 719.71 27963
0 26 12 0 0 1 14890.4 10741.9 0
0 28 15 0 0 1 15082.4 18619.4 13986.7
0 24 13 0 0 1 15282.3 14322.6 32510
0 50 12 0 0 1 15282.3 14322.6 13151.8
0 50 12 0 0 1 15282.3 14322.6 13151.8
0 28 13 0 0 1 15282.3 14322.6 14038.4
0 25 12 0 0 1 15282.3 16112.9 25121.4
0 22 12 0 0 1 15282.3 19693.5 21870.4
0 22 12 0 0 1 15478.2 8951.61 14186.2
0 29 12 0 0 0 15478.2 14370.9 12615.4
0 53 17 0 0 1 15478.2 16399.4 15663.9
0 25 12 0 0 1 15478.2 17724.2 31327.8
0 24 16 0 0 0 15587.9 19505.6 19210.4
0 27 17 0 0 0 15674.1 0 41376.3
0 46 12 0 0 1 15674.1 734.032 20688.2
0 21 13 0 0 0 15674.1 4946.66 1733.37
0 37 12 0 0 1 15674.1 8951.61 28076.8
0 37 12 0 0 1 15674.1 8951.61 28076.8
0 22 12 0 0 0 15674.1 10741.9 28963.4
0 22 12 0 0 0 15674.1 11637.1 20688.2
0 27 12 0 0 1 15674.1 12532.3 19210.4
0 49 16 0 0 1 15674.1 12890.3 17732.7
0 26 12 0 0 1 15674.1 13427.4 0
0 33 14 0 0 1 15674.1 13427.4 13890.6
0 28 15 0 0 1 15674.1 13785.5 15959.4
0 29 17 0 0 1 15674.1 14143.5 25860.2
0 25 14 0 1 1 15674.1 14322.6 20702.9
0 32 12 0 0 1 15674.1 14322.6 13299.5
0 40 12 0 0 1 15674.1 14322.6 16255
0 40 12 0 0 1 15674.1 14322.6 16255
0 27 16 0 0 1 15674.1 14322.6 22165.9
0 24 12 0 0 1 15674.1 14680.6 17732.7
0 43 12 0 0 1 15674.1 14680.6 13831.5
0 25 16 0 0 1 15674.1 15217.7 19062.7
0 21 13 0 0 1 15674.1 15933.9 25121.4
0 26 12 0 0 1 15674.1 16471 35022.1
0 28 14 0 0 1 15674.1 16757.4 16255
0 26 17 0 0 1 15674.1 16829 19210.4
0 20 14 0 0 0 15674.1 17008.1 26599.1
0 41 12 0 0 1 15674.1 19693.5 32510
0 28 16 0 0 1 15674.1 19693.5 28815.7
0 23 16 0 0 0 15674.1 21483.9 26599.1
0 22 12 0 0 1 15674.1 22916.1 31771.1
0 27 14 0 1 0 15674.1 23274.2 27337.9
0 26 16 0 0 1 15674.1 23274.2 29554.5
0 54 12 0 0 1 15674.1 25064.5 0
0 54 12 0 0 1 15674.1 25064.5 0
0 37 16 0 0 0 15674.1 26854.8 29259
0 32 13 0 0 1 15674.1 30435.5 22018.1
0 29 12 0 0 1 15678.1 17487.9 10196.3
0 22 13 0 0 1 15870.1 15826.5 35465.4
0 36 12 0 0 1 15874 12727.4 17444.6
0 21 13 0 0 1 15960.2 21483.9 14777.3
0 21 12 0 0 1 15987.6 16291.9 14481.7
0 43 12 0 0 1 15989.6 14322.6 14777.3
0 36 17 0 0 0 16015 30793.5 29584.1
0 23 12 0 0 1 16066 4833.87 25564.7
0 31 12 0 0 1 16066 15038.7 17732.7
0 25 14 0 0 1 16066 15217.7 18471.6
0 23 16 0 0 1 16066 16829 20688.2
0 21 12 0 0 1 16066 20588.7 28815.7
0 22 12 0 0 0 16230.6 9846.77 2955.45
0 21 12 0 0 1 16307 18529.8 11969.6
0 28 12 0 0 1 16393.2 13298.5 0
0 24 12 0 1 1 16457.8 8951.61 21870.4
0 30 12 0 0 0 16457.8 14680.6 15146.7
0 44 12 0 0 1 16457.8 16112.9 17289.4
0 30 12 0 0 1 16457.8 16650 19949.3
0 34 12 0 0 1 16457.8 16829 20688.2
0 26 16 0 0 1 16457.8 21483.9 40637.5
0 23 16 0 0 1 16457.8 21483.9 18471.6
0 20 12 0 0 0 16497 19604 19653.8
0 26 13 0 0 0 16653.8 3580.65 8866.36
0 25 12 0 0 1 16653.8 12181.4 17732.7
0 23 15 0 0 1 16653.8 13427.4 16993.9
0 28 16 0 0 1 16653.8 15396.8 17437.2
0 38 14 0 0 1 16653.8 16112.9 19506
0 29 17 0 0 1 16653.8 16112.9 17732.7
0 24 17 0 0 1 16653.8 16650 20688.2
0 55 12 0 0 1 16653.8 17545.2 16255
0 30 14 0 0 1 16653.8 17545.2 0
0 21 12 0 0 0 16653.8 17903.2 19210.4
0 26 12 0 0 1 16653.8 17903.2 17732.7
0 34 12 0 0 1 16653.8 19532.4 16255
0 22 12 0 0 1 16653.8 19693.5 26008
0 22 16 0 0 0 16653.8 22737.1 37682
0 27 15 0 0 0 16653.8 23274.2 23643.6
0 26 12 0 0 0 16653.8 23274.2 2955.45
0 26 16 0 0 1 16653.8 24706.5 29554.5
0 28 14 0 0 0 16849.7 12174.2 1921.04
0 21 12 0 0 1 16849.7 15396.8 0
0 30 12 0 0 1 16849.7 17366.1 18978.4
0 24 12 0 0 1 16849.7 18619.4 25121.4
0 51 12 0 0 1 16849.7 19693.5 17732.7
0 21 14 0 0 0 16849.7 19693.5 35465.4
0 24 12 0 0 1 16885 9311.47 23080.6
0 23 15 0 0 1 16955.5 20844.7 25514.4
0 26 14 0 0 1 17045.6 25064.5 38716.4
0 45 12 0 0 1 17104.4 16381.5 18176
0 46 13 0 0 1 17241.5 15754.8 14777.3
0 29 12 0 0 1 17241.5 19686.4 33544.4
0 26 14 0 0 1 17241.5 20588.7 24530.3
0 27 16 0 0 1 17241.5 24885.5 22165.9
0 26 14 0 0 1 17437.5 7161.29 14771.4
0 20 15 0 0 1 17437.5 8056.45 18471.6
0 23 12 0 0 1 17437.5 12532.3 21427
0 30 16 0 0 1 17437.5 17867.4 15516.1
0 24 12 0 0 1 17437.5 22379 16255
0 23 12 0 0 1 17633.4 0 23643.6
0 34 12 0 0 1 17633.4 0 0
0 24 12 0 1 1 17633.4 4848.19 22165.9
0 20 12 0 0 1 17633.4 15217.7 28815.7
0 53 12 0 0 1 17633.4 16112.9 19210.4
0 28 16 0 0 1 17633.4 16112.9 22165.9
0 26 12 0 0 1 17633.4 16112.9 25121.4
0 25 15 0 0 1 17633.4 16112.9 18619.4
0 29 14 0 0 1 17633.4 17187.1 19699.6
0 55 16 0 0 1 17633.4 17903.2 22165.9
0 22 12 0 1 1 17633.4 17903.2 14777.3
0 33 12 0 0 1 17633.4 17903.2 15811.7
0 34 14 0 1 1 17633.4 17903.2 8866.36
0 24 12 0 0 1 17633.4 18440.3 19949.3
0 24 12 0 0 1 17633.4 18750 32510
0 45 12 0 0 1 17633.4 18798.4 19949.3
0 22 12 0 0 1 17633.4 19693.5 23643.6
0 55 14 0 0 1 17633.4 19693.5 2068.82
0 24 12 0 0 1 17633.4 19693.5 11526.3
0 23 12 0 0 1 17633.4 21546.5 4433.18
0 31 13 0 0 1 17633.4 25064.5 23643.6
0 43 12 0 0 1 17633.4 26854.8 28076.8
0 43 12 0 0 1 17633.4 26854.8 28076.8
0 22 12 0 0 1 17703.9 12532.3 20688.2
0 28 12 0 0 0 17829.3 5012.9 16240.2
0 28 12 0 0 1 17829.3 11100 20688.2
0 21 12 0 0 0 17829.3 12945.8 26599.1
0 28 13 0 0 1 17876.4 15396.8 22452.6
0 25 14 0 0 1 17939 14322.6 9974.65
0 54 12 0 0 1 18025.3 18798.4 23643.6
0 26 16 0 0 1 18025.3 19872.6 20983.7
0 26 16 0 0 1 18025.3 23274.2 28076.8
0 49 13 0 0 1 18221.2 17903.2 17732.7
0 26 16 0 0 1 18221.2 22379 18471.6
0 21 13 0 0 1 18417.1 8951.61 27337.9
0 33 12 0 0 1 18417.1 12890.3 20688.2
0 33 12 0 0 1 18417.1 14412.1 20688.2
0 40 12 0 0 1 18417.1 17545.2 17289.4
0 27 16 0 0 1 18417.1 18798.4 25860.2
0 21 12 0 0 1 18417.1 19693.5 28224.6
0 31 12 0 0 1 18593.4 14814.9 16255
0 47 17 0 0 1 18613 10025.8 35465.4
0 35 14 0 0 1 18613 19693.5 22424.5
0 26 14 0 0 1 18613 19693.5 28076.8
0 37 12 0 0 1 18613 21483.9 23052.5
0 23 12 0 0 0 18613 23274.2 32953.3
0 26 12 0 0 1 18677.7 18261.3 24973.6
0 23 14 0 0 1 18722.8 21662.9 28076.8
0 33 12 0 0 0 18809 16028.8 17502.2
0 27 12 0 0 1 18809 17187.1 19506
0 43 12 0 0 1 18809 17903.2 26155.8
0 27 16 0 0 1 18809 17903.2 18471.6
0 24 12 0 0 1 18809 17903.2 18323.8
0 24 12 0 0 1 18809 18798.4 23052.5
0 42 12 0 0 1 18879.5 17008.1 19210.4
0 27 12 0 0 1 18924.6 11995.2 22165.9
0 26 16 0 0 1 19004.9 16112.9 26599.1
0 37 12 0 0 1 19016.6 20893.1 16993.9
0 26 12 0 1 1 19055.8 0 13299.5
0 23 12 0 0 1 19097 20683.6 16993.9
0 26 13 0 0 1 19200.8 14680.6 18471.6
0 27 16 0 0 1 19200.8 17688.4 0
0 27 12 0 0 0 19200.8 19514.5 23643.6
0 29 14 0 0 1 19200.8 21483.9 23052.5
0 25 16 0 0 1 19200.8 22558.1 33396.6
0 26 12 0 0 1 19263.5 13024.6 24627.8
0 22 14 0 0 1 19279.2 17616.8 17289.4
0 28 12 0 0 1 19298.8 0 29554.5
0 46 12 0 0 1 19394.8 19201.2 20431
0 33 17 0 0 0 19396.7 0 1539.79
0 23 12 0 0 1 19396.7 12532.3 25121.4
0 23 12 0 0 1 19396.7 12532.3 0
0 23 13 0 0 1 19396.7 17903.2 31032.3
0 26 16 0 0 1 19396.7 25780.6 25564.7
0 50 16 0 0 0 19592.7 0 23643.6
0 26 13 0 0 1 19592.7 0 23643.6
0 27 16 0 0 1 19592.7 12532.3 17720.9
0 21 12 0 1 1 19592.7 12532.3 17732.7
0 24 16 0 0 1 19592.7 12890.3 31032.3
0 45 14 0 0 1 19592.7 13606.5 17732.7
0 38 12 0 0 1 19592.7 13964.5 16286
0 27 15 0 0 1 19592.7 14859.7 23643.6
0 33 12 0 0 1 19592.7 17008.1 25015
0 24 13 0 0 1 19592.7 17187.1 22313.7
0 44 12 0 0 1 19592.7 17187.1 15368.4
0 25 16 0 0 1 19592.7 17903.2 25712.4
0 22 12 0 0 1 19592.7 17903.2 23643.6
0 24 16 0 0 0 19592.7 17903.2 16993.9
0 23 12 0 0 1 19592.7 17903.2 16255
0 31 16 0 0 1 19592.7 17903.2 17732.7
0 27 12 0 0 1 19592.7 18082.3 32657.8
0 20 12 0 0 1 19592.7 18798.4 17732.7
0 52 15 0 0 1 19592.7 18798.4 17437.2
0 33 16 0 0 1 19592.7 19335.5 26599.1
0 40 12 0 0 1 19592.7 19335.5 21279.3
0 35 12 0 0 1 19592.7 19693.5 22535.3
0 33 12 0 0 0 19592.7 19693.5 13299.5
0 22 12 0 0 1 19592.7 19693.5 17732.7
0 26 12 0 0 1 19592.7 21125.8 21982.7
0 23 12 0 0 1 19592.7 21215.3 24884.9
0 30 12 0 0 1 19592.7 21483.9 23348.1
0 43 12 0 0 1 19592.7 21483.9 22165.9
0 43 12 0 0 1 19592.7 21483.9 22165.9
0 31 12 0 0 1 19592.7 21483.9 25121.4
0 23 12 0 0 1 19592.7 21483.9 20688.2
0 23 13 0 0 1 19592.7 21483.9 21279.3
0 28 16 0 0 1 19592.7 21483.9 32510
0 30 12 0 0 1 19592.7 21483.9 29554.5
0 32 12 0 0 1 19592.7 21483.9 29554.5
0 43 12 0 0 1 19592.7 21739.9 29338.8
0 43 12 0 0 1 19592.7 21739.9 29338.8
0 37 17 0 0 0 19592.7 23005.6 22165.9
0 46 12 0 0 0 19592.7 25064.5 29554.5
0 35 17 0 0 1 19592.7 44758.1 36943.2
0 26 15 0 0 1 19596.6 19335.5 23643.6
0 25 12 0 0 1 19641.6 8736.77 23643.6
0 24 12 0 0 1 19706.3 6624.19 25121.4
0 22 14 0 0 1 19727.9 20141.1 22284.1
0 27 13 0 0 1 19735.7 20051.6 36943.2
0 35 13 0 0 1 19788.6 21269 14777.3
0 28 14 0 0 1 19984.5 12532.3 31032.3
0 18 12 0 0 1 19984.5 23274.2 26599.1
0 21 12 0 0 1 20068.8 21215.3 56892.5
0 24 14 0 0 1 20141.3 0 0
0 30 12 0 0 1 20180.4 15754.8 33987.7
0 42 12 0 0 1 20180.4 17455.6 0
0 24 12 0 0 1 20180.4 19693.5 29554.5
0 40 12 0 0 1 20180.4 19693.5 17732.7
0 25 17 0 0 1 20180.4 21036.3 22904.8
0 27 17 0 0 1 20180.4 21578.8 28520.1
0 24 16 0 0 1 20200 17903.2 42854.1
0 53 16 0 0 1 20343.1 20112.5 19930.1
0 28 12 0 0 1 20376.4 17903.2 32510
0 20 12 0 0 1 20376.4 18655.2 16993.9
0 26 12 0 0 1 20376.4 20946.8 22165.9
0 33 12 0 0 1 20503.7 21483.9 20688.2
0 24 14 0 0 0 20572.3 11637.1 12412.9
0 27 12 0 0 1 20572.3 17545.2 24530.3
0 27 16 0 0 1 20572.3 18619.4 88663.6
0 31 13 0 0 1 20572.3 18798.4 29554.5
0 26 15 0 0 1 20572.3 18798.4 23643.6
0 28 16 0 0 1 20572.3 18798.4 22165.9
0 26 17 0 0 1 20572.3 18977.4 35465.4
0 52 12 0 0 1 20572.3 18977.4 20688.2
0 25 12 0 0 1 20572.3 20588.7 22461.4
0 24 12 0 0 1 20572.3 20767.7 22165.9
0 41 12 0 0 1 20572.3 21483.9 25310.5
0 40 12 0 0 1 20572.3 24772.7 32586.8
0 40 12 0 0 1 20572.3 24772.7 32586.8
0 32 13 0 0 1 20572.3 25064.5 7388.63
0 31 13 0 0 1 20572.3 33658.1 31032.3
0 25 15 0 0 0 20738.8 21483.9 39012
0 29 12 0 0 1 20768.2 0 44331.8
0 25 14 0 0 0 20768.2 14322.6 17437.2
0 42 16 0 0 1 20768.2 19693.5 22165.9
0 24 12 0 0 1 20768.2 23274.2 27485.7
0 44 12 0 0 1 20895.6 12174.2 20963
0 27 12 0 0 0 20964.2 18440.3 23348.1
0 28 14 0 0 1 20964.2 20588.7 28446.2
0 33 16 0 0 1 20964.2 21483.9 22018.1
0 25 16 0 0 1 20964.2 24706.5 26229.6
0 39 12 0 0 1 21138.5 20366.7 15049.2
0 31 14 0 0 1 21140.5 20141.1 19653.8
0 31 14 0 0 1 21140.5 20141.1 19653.8
0 42 12 0 0 1 21160.1 21483.9 12232.6
0 36 14 0 0 1 21160.1 23460.4 0
0 26 12 0 0 1 21160.1 24169.4 21279.3
0 46 17 0 0 0 21258 24094.2 24787.4
0 31 12 0 0 1 21356 15038.7 35465.4
0 25 12 0 1 1 21512.7 26586.3 25558.8
0 42 16 0 0 1 21551.9 0 41376.3
0 28 12 0 0 1 21551.9 8366.18 0
0 28 12 0 0 1 21551.9 10562.9 21722.6
0 27 13 0 0 1 21551.9 14322.6 16255
0 26 12 0 0 1 21551.9 15217.7 26599.1
0 19 12 0 0 1 21551.9 15754.8 19210.4
0 29 12 0 0 1 21551.9 17008.1 20688.2
0 28 16 0 0 1 21551.9 18619.4 44331.8
0 31 16 0 0 1 21551.9 18798.4 23348.1
0 40 12 0 0 1 21551.9 19693.5 31032.3
0 37 12 0 0 1 21551.9 19693.5 44331.8
0 48 12 0 0 1 21551.9 20230.6 0
0 43 12 0 0 1 21551.9 20588.7 19210.4
0 26 16 0 0 1 21551.9 20588.7 28815.7
0 29 12 0 0 1 21551.9 20588.7 19949.3
0 27 12 0 0 1 21551.9 21120.4 23052.5
0 22 14 0 0 1 21551.9 21483.9 23200.3
0 23 12 0 0 1 21551.9 21483.9 26599.1
0 21 12 0 0 1 21551.9 21483.9 12534.1
0 36 12 0 0 1 21551.9 21483.9 23643.6
0 26 16 0 0 1 21551.9 21483.9 29492.5
0 33 12 0 0 1 21551.9 21483.9 21427
0 37 12 0 0 1 21551.9 22379 24382.5
0 29 16 0 0 0 21551.9 22737.1 33248.8
0 25 14 0 0 1 21551.9 22916.1 31505.1
0 27 16 0 0 1 21551.9 23274.2 27633.5
0 41 17 0 0 1 21551.9 23274.2 22904.8
0 29 16 0 0 1 21551.9 23274.2 23643.6
0 34 14 0 0 1 21551.9 23274.2 22165.9
0 45 12 0 0 1 21551.9 23632.3 26633.1
0 23 12 0 0 1 21551.9 25959.7 58665.7
0 43 17 0 0 0 21551.9 25959.7 36943.2
0 21 12 0 0 1 21551.9 26138.7 38420.9
0 22 12 0 0 1 21551.9 26765.3 35465.4
0 25 17 0 0 1 21551.9 31151.6 53937
0 23 16 0 0 1 21551.9 35806.5 44331.8
0 28 14 0 0 1 21649.9 26854.8 22165.9
0 44 13 0 0 1 21679.3 21918.9 22165.9
0 23 12 0 0 0 21747.9 11413.3 2216.59
0 39 14 0 0 1 21747.9 21841.9 18619.4
0 23 12 0 0 1 21865.4 21483.9 25121.4
0 24 13 0 1 1 21922.2 24742.3 35317.7
0 51 12 0 0 1 21943.8 19156.5 24382.5
0 34 12 0 0 1 21943.8 20409.7 21131.5
0 27 12 0 0 1 21943.8 20588.7 18323.8
0 29 17 0 0 1 21943.8 21752.4 22165.9
0 26 13 0 1 1 21953.6 5671.74 25860.2
0 23 14 0 0 0 22139.7 18798.4 41376.3
0 46 12 0 0 1 22139.7 22622.5 23643.6
0 27 12 0 0 0 22139.7 25422.6 61769
0 27 14 0 0 1 22218.1 23306.4 26599.1
0 27 17 0 0 1 22237.7 22379 14777.3
0 50 12 0 0 1 22306.3 27544.1 26876.9
0 50 12 0 0 1 22306.3 27544.1 26876.9
0 50 12 0 0 1 22306.3 27544.1 26876.9
0 48 12 0 0 1 22321.9 23881.1 25399.2
0 24 16 0 0 1 22335.6 22880.3 29037.3
0 25 12 0 1 1 22335.6 24169.4 31032.3
0 37 12 0 0 1 22441.4 16385 23269.8
0 37 12 0 0 1 22441.4 16385 23269.8
0 27 15 0 0 1 22531.6 20588.7 35465.4
0 41 12 0 1 1 22531.6 20946.8 22165.9
0 29 12 0 0 1 22531.6 21483.9 22165.9
0 27 16 0 0 1 22531.6 21483.9 23643.6
0 44 12 0 0 1 22531.6 22379 23643.6
0 26 13 0 0 1 22531.6 22379 37238.7
0 34 12 0 0 1 22531.6 22379 26599.1
0 20 12 0 0 1 22531.6 23274.2 24382.5
0 43 14 0 0 1 22531.6 23274.2 28520.1
0 47 12 0 1 1 22531.6 25028.7 25564.7
0 31 12 0 0 1 22531.6 25064.5 29554.5
0 33 12 0 0 1 22531.6 26496.8 24973.6
0 27 16 0 0 0 22531.6 30435.5 42854.1
0 23 14 0 0 1 22531.6 33658.1 26599.1
0 27 17 0 0 1 22594.3 18261.3 28815.7
0 50 16 0 0 0 22629.5 19693.5 17732.7
0 22 14 0 0 1 22682.4 24706.5 20688.2
0 34 12 0 0 1 22727.5 18619.4 20688.2
0 28 12 0 0 1 22727.5 20051.6 22904.8
0 26 12 0 0 1 22727.5 21483.9 26599.1
0 46 12 0 0 1 22727.5 21841.9 22904.8
0 27 17 0 0 1 22727.5 22379 24086.9
0 47 13 0 0 1 22727.5 22558.1 24382.5
0 29 17 0 0 1 22923.4 21483.9 27042.4
0 24 16 0 0 0 22923.4 22379 26451.3
0 30 16 0 0 1 22923.4 23274.2 28076.8
0 23 12 0 0 1 22982.2 24033.3 14777.3
0 27 15 0 0 1 23119.3 0 0
0 25 12 0 0 1 23119.3 24074.5 25195.2
0 26 12 0 0 1 23315.3 26767.1 27633.5
0 26 12 0 0 1 23511.2 0 0
0 25 12 0 0 1 23511.2 11279 21279.3
0 32 12 0 0 1 23511.2 13785.5 31032.3
0 32 12 0 1 1 23511.2 13964.5 66497.7
0 50 16 0 0 0 23511.2 14322.6 39974
0 25 13 0 0 0 23511.2 14322.6 20850.7
0 27 12 0 0 1 23511.2 15038.7 12738
0 28 12 0 0 1 23511.2 16112.9 0
0 38 12 0 0 1 23511.2 16112.9 30293.4
0 31 12 0 0 1 23511.2 17903.2 22165.9
0 28 12 0 0 1 23511.2 18798.4 36943.2
0 23 12 0 0 1 23511.2 19854.7 18914.9
0 55 12 0 0 1 23511.2 20588.7 22165.9
0 34 17 0 0 1 23511.2 20588.7 23422
0 28 17 0 0 1 23511.2 20946.8 69453.1
0 31 14 0 0 1 23511.2 21483.9 27830
0 28 12 0 0 1 23511.2 21483.9 23643.6
0 25 12 0 1 1 23511.2 21483.9 25121.4
0 54 15 0 0 1 23511.2 21483.9 59109.1
0 35 12 0 0 1 23511.2 21483.9 29554.5
0 27 13 0 0 0 23511.2 21483.9 22165.9
0 45 12 0 0 1 23511.2 21483.9 0
0 28 16 0 0 1 23511.2 21483.9 11821.8
0 30 16 0 0 1 23511.2 21483.9 22165.9
0 24 12 0 1 1 23511.2 21483.9 23052.5
0 26 14 0 0 1 23511.2 22021 22165.9
0 35 14 0 0 1 23511.2 22379 22165.9
0 42 17 0 0 1 23511.2 22379 0
0 42 17 0 0 1 23511.2 22379 0
0 28 16 0 0 1 23511.2 22379 27337.9
0 28 12 0 0 1 23511.2 22379 29554.5
0 27 14 0 0 1 23511.2 22558.1 23531.3
0 35 16 0 0 1 23511.2 22737.1 21834.9
0 55 12 0 0 1 23511.2 22916.1 17732.7
0 36 14 0 0 1 23511.2 23274.2 33248.8
0 42 16 0 1 1 23511.2 23274.2 29554.5
0 22 12 0 0 1 23511.2 23274.2 26155.8
0 38 12 0 0 1 23511.2 23274.2 25121.4
0 48 16 0 0 1 23511.2 23274.2 39898.6
0 48 16 0 0 1 23511.2 23274.2 39898.6
0 25 13 0 0 1 23511.2 23456.8 26008
0 23 14 0 0 1 23511.2 24169.4 31032.3
0 31 16 0 0 1 23511.2 24706.5 28963.4
0 26 12 0 0 1 23511.2 24885.5 26599.1
0 32 12 0 0 1 23511.2 25064.5 26599.1
0 29 13 0 0 1 23511.2 25064.5 0
0 29 13 0 0 1 23511.2 25064.5 0
0 30 16 0 0 1 23511.2 25243.5 27042.4
0 26 14 0 0 1 23511.2 25780.6 31032.3
0 32 16 0 0 1 23511.2 25959.7 35465.4
0 35 14 0 0 1 23511.2 26496.8 29554.5
0 35 14 0 0 1 23511.2 26496.8 29554.5
0 54 12 0 0 1 23511.2 26854.8 2049.61
0 55 12 0 0 1 23511.2 26854.8 26599.1
0 55 12 0 0 1 23511.2 26854.8 26599.1
0 38 12 0 0 1 23511.2 26854.8 29554.5
0 25 12 0 0 0 23511.2 26854.8 18176
0 30 12 0 0 1 23511.2 28645.2 32510
0 25 17 0 0 1 23511.2 29003.2 28076.8
0 39 12 0 0 0 23511.2 31509.7 15516.1
0 28 14 0 0 1 23511.2 32225.8 36943.2
0 39 17 0 0 1 23511.2 35448.4 32510
0 49 12 0 0 1 23511.2 35806.5 23643.6
0 21 12 0 0 1 23511.2 50129 0
0 31 14 0 0 1 23707.1 20767.7 23939.2
0 27 12 0 0 1 23707.1 21483.9 33987.7
0 37 12 0 0 1 23707.1 22200 22904.8
0 51 12 0 0 1 23707.1 22379 19411.4
0 29 12 0 0 1 23707.1 26854.8 28076.8
0 27 14 0 0 1 23707.1 29540.3 23200.3
0 24 13 0 0 1 23903.1 1790.32 449.229
0 32 12 0 0 1 23903.1 24812.1 12412.9
0 31 17 0 0 1 23903.1 25601.6 27042.4
0 46 12 0 0 0 23918.7 12532.3 0
0 40 15 0 1 1 24001 23274.2 26599.1
0 27 16 0 0 1 24099 7161.29 36204.3
0 27 17 0 0 1 24099 22200 25860.2
0 28 14 0 0 1 24099 22379 27337.9
0 29 17 0 0 1 24099 24527.4 23643.6
0 36 13 0 0 1 24099 25064.5 25564.7
0 23 12 0 0 1 24099 26854.8 17437.2
0 28 12 0 0 1 24294.9 18261.3 21427
0 28 12 0 0 1 24383.1 15217.7 19210.4
0 34 12 0 0 1 24486.9 22200 22904.8
0 41 12 0 0 1 24490.8 14322.6 22165.9
0 25 13 0 0 1 24490.8 18261.3 0
0 45 12 0 0 1 24490.8 21483.9 10639.6
0 41 12 0 0 1 24490.8 21483.9 33987.7
0 35 16 0 0 0 24490.8 21841.9 24825.8
0 29 16 0 0 1 24490.8 23453.2 25860.2
0 28 13 0 0 1 24490.8 23868.6 23495.9
0 35 13 0 0 1 24490.8 23990.3 22165.9
0 35 16 0 0 1 24490.8 24169.4 25638.6
0 30 12 0 0 1 24490.8 25064.5 29554.5
0 29 12 0 0 1 24490.8 25064.5 28076.8
0 28 16 0 0 1 24490.8 26461 45809.5
0 30 16 0 0 1 24490.8 26854.8 38420.9
0 26 17 0 0 0 24490.8 26854.8 29702.3
0 22 13 0 0 1 24490.8 26854.8 39159.8
0 22 12 0 0 1 24490.8 26854.8 25121.4
0 26 16 0 0 0 24490.8 27750 9605.22
0 48 16 0 0 1 24663.3 18082.3 25121.4
0 45 12 0 0 1 24686.8 15217.7 27929
0 44 17 0 0 1 24686.8 23274.2 23348.1
0 26 16 0 0 1 24686.8 25422.6 29554.5
0 54 16 0 0 1 24686.8 26854.8 26451.3
0 54 16 0 0 1 24686.8 26854.8 26451.3
0 54 16 0 0 1 24686.8 26854.8 26451.3
0 29 12 0 0 1 24686.8 27750 24382.5
0 22 12 0 0 1 24765.1 21594.9 34320.2
0 39 17 0 0 1 24823.9 25064.5 27061.6
0 35 16 0 0 1 24882.7 24527.4 36943.2
0 44 12 0 0 1 24882.7 27929 25121.4
0 32 16 0 0 1 24980.7 25064.5 26599.1
0 27 17 0 0 1 25078.6 19693.5 24530.3
0 27 17 0 0 1 25078.6 19693.5 24530.3
0 26 12 0 0 1 25078.6 23274.2 26599.1
0 46 12 0 0 1 25078.6 24169.4 26780.8
0 25 16 0 0 0 25078.6 25601.6 30145.6
0 35 12 0 0 1 25078.6 26854.8 29554.5
0 33 16 0 0 1 25078.6 26854.8 24449
0 26 16 0 0 1 25078.6 30793.5 36943.2
0 20 12 0 0 1 25294.1 18798.4 25121.4
0 49 12 0 0 1 25470.5 17953.4 20244.9
0 25 13 0 0 1 25470.5 18798.4 23643.6
0 28 13 0 0 1 25470.5 19693.5 26599.1
0 27 12 0 0 0 25470.5 21483.9 25121.4
0 44 12 0 0 1 25470.5 21483.9 25634.1
0 23 12 0 1 1 25470.5 21483.9 32510
0 24 12 0 0 1 25470.5 22737.1 25121.4
0 27 12 0 0 1 25470.5 23095.2 31032.3
0 46 12 0 0 1 25470.5 23274.2 29554.5
0 31 12 0 0 1 25470.5 23274.2 22165.9
0 51 16 0 0 0 25470.5 24169.4 12708.4
0 37 12 0 0 0 25470.5 25780.6 22461.4
0 37 12 0 0 0 25470.5 25780.6 22461.4
0 30 12 0 0 1 25470.5 25959.7 28076.8
0 49 17 0 0 1 25470.5 26854.8 29554.5
0 49 17 0 0 1 25470.5 26854.8 29554.5
0 26 17 0 0 1 25470.5 26854.8 44331.8
0 37 13 0 0 1 25470.5 30435.5 32510
0 44 17 0 0 1 25470.5 30435.5 21427
0 30 17 0 0 1 25470.5 31330.6 38420.9
0 51 12 0 0 1 25470.5 32225.8 29554.5
0 28 17 0 0 1 25607.6 18091.2 22165.9
0 29 16 0 0 1 25666.4 28287.1 35465.4
0 40 12 0 0 1 25707.5 20409.7 23052.5
0 34 16 0 0 1 25862.3 0 0
0 51 12 0 0 1 25862.3 20588.7 24825.8
0 26 16 0 0 1 25862.3 22379 35465.4
0 46 12 0 0 1 25862.3 23274.2 35465.4
0 45 14 0 0 1 25862.3 28645.2 26599.1
0 49 12 0 0 1 25862.3 28645.2 26599.1
0 26 16 0 0 0 25862.3 31790.8 15646.2
0 30 16 0 0 1 26058.2 28645.2 29259
0 50 12 0 0 1 26254.2 0 0
0 25 12 0 0 0 26254.2 21483.9 26599.1
0 27 17 0 0 0 26254.2 29540.3 31032.3
0 46 16 0 0 1 26293.4 65160.6 17732.7
0 46 16 0 0 1 26293.4 65160.6 17732.7
0 22 12 0 0 0 26450.1 23274.2 19210.4
0 55 12 0 0 1 26450.1 23990.3 29554.5
0 53 12 0 0 1 26450.1 25064.5 26008
0 44 12 0 0 1 26450.1 25959.7 26746.9
0 47 13 0 0 1 26450.1 25959.7 26625.7
0 46 14 0 0 1 26450.1 26496.8 29554.5
0 25 12 0 0 1 26450.1 26836.9 35465.4
0 28 16 0 0 1 26450.1 26854.8 29554.5
0 40 16 0 0 1 26450.1 26854.8 32421.3
0 40 16 0 0 1 26450.1 26854.8 32421.3
0 28 12 0 0 1 26450.1 26858.4 29480.6
0 29 15 0 0 1 26450.1 27250.5 28815.7
0 42 16 0 0 1 26450.1 27499.4 29554.5
0 30 15 0 0 1 26450.1 27571 29554.5
0 39 12 0 0 1 26450.1 27750 6354.22
0 30 16 0 0 1 26450.1 28197.6 29554.5
0 50 12 0 0 1 26450.1 30077.4 26599.1
0 29 17 0 0 0 26614.7 28503.7 29315.1
0 29 15 0 0 1 26646 19693.5 32510
0 27 12 0 0 1 26646 29540.3 35465.4
0 31 12 0 1 1 26842 6982.26 17732.7
0 31 12 0 1 1 26842 6982.26 17732.7
0 29 12 0 0 1 26842 20588.7 42854.1
0 27 16 0 0 1 26842 22200 19210.4
0 42 17 0 0 1 26842 31330.6 36943.2
0 25 13 0 0 1 26996.7 28197.6 22165.9
0 48 12 0 0 1 27037.9 25064.5 23643.6
0 50 12 0 0 1 27037.9 26854.8 27337.9
0 28 17 0 0 1 27037.9 27750 51720.4
0 29 17 0 0 0 27037.9 29182.3 26599.1
0 33 17 0 0 1 27037.9 31867.7 28815.7
0 52 12 0 0 1 27220.1 24706.5 32510
0 22 12 0 0 1 27233.8 14322.6 32510
0 43 12 0 0 1 27233.8 25064.5 29554.5
0 34 13 0 0 1 27233.8 25064.5 31032.3
0 46 12 0 0 1 27233.8 28645.2 28076.8
0 31 17 0 0 1 27429.7 0 0
0 28 13 0 0 1 27429.7 20588.7 23578.6
0 25 12 0 0 1 27429.7 21483.9 28520.1
0 29 14 0 0 1 27429.7 22099.7 29644.7
0 24 16 0 0 0 27429.7 22200 25712.4
0 31 12 0 0 1 27429.7 22379 0
0 30 17 0 0 1 27429.7 25064.5 20688.2
0 32 12 0 0 1 27429.7 25064.5 16255
0 26 15 0 0 1 27429.7 25064.5 28815.7
0 28 16 0 0 1 27429.7 25064.5 31032.3
0 54 13 0 0 1 27429.7 25422.6 24382.5
0 30 14 0 0 1 27429.7 25780.6 31032.3
0 33 14 0 0 1 27429.7 25959.7 24382.5
0 33 12 0 0 1 27429.7 25959.7 27846.3
0 26 12 0 0 1 27429.7 26496.8 32510
0 44 13 0 0 1 27429.7 26774.3 35465.4
0 49 12 0 0 1 27429.7 26854.8 26599.1
0 28 12 0 0 1 27429.7 26854.8 22165.9
0 45 12 0 0 1 27429.7 26854.8 25121.4
0 40 12 0 0 1 27429.7 27008.8 25440.5
0 27 17 0 0 1 27429.7 27750 26599.1
0 51 16 0 0 1 27429.7 28645.2 28076.8
0 51 16 0 0 1 27429.7 28645.2 28076.8
0 43 12 0 0 1 27429.7 28645.2 25121.4
0 37 12 0 0 1 27429.7 28645.2 0
0 37 12 0 0 1 27429.7 28645.2 0
0 38 14 0 0 1 27429.7 29046.2 27929
0 36 16 0 0 0 27429.7 30256.5 30736.7
0 21 12 0 0 1 27429.7 30435.5 31978
0 25 14 0 0 0 27429.7 32225.8 31032.3
0 33 13 0 0 1 27429.7 41177.4 38420.9
0 38 14 0 0 1 27429.7 68032.3 26599.1
0 32 16 0 0 1 27625.7 29540.3 33987.7
0 27 12 0 0 0 27821.6 27212.9 32510
0 24 17 0 0 0 27821.6 27571 32510
0 43 12 0 0 1 27821.6 28645.2 32510
0 26 17 0 0 1 27843.1 28645.2 49651.6
0 33 12 0 0 1 28017.5 25422.6 22757
0 34 14 0 0 1 28017.5 26854.8 36943.2
0 28 12 0 0 1 28017.5 29540.3 32510
0 41 12 0 0 1 28017.5 30435.5 32510
0 25 12 0 0 1 28017.5 31062.1 28076.8
0 28 17 0 0 1 28017.5 31151.6 31032.3
0 28 17 0 0 1 28213.4 25422.6 26451.3
0 53 12 0 0 1 28213.4 26854.8 0
0 55 12 0 0 1 28213.4 33206.9 31771.1
0 29 14 0 0 1 28409.4 21125.8 23348.1
0 39 14 0 0 1 28409.4 28645.2 31032.3
0 31 16 0 0 1 28409.4 28915.5 32510
0 25 16 0 0 1 28409.4 29540.3 32510
0 25 14 0 0 1 28409.4 30435.5 10935.2
0 29 16 0 0 1 28409.4 32225.8 42854.1
0 27 14 0 0 1 28409.4 32225.8 39898.6
0 34 16 0 0 1 28409.4 32583.9 35465.4
0 45 12 0 0 1 28589.6 28263.8 29259
0 28 12 0 0 1 28605.3 20588.7 34135.5
0 43 16 0 0 1 28801.2 27929 26953.7
0 54 12 0 0 1 28889.4 35806.5 31032.3
0 29 16 0 0 1 28899.2 29540.3 0
0 55 12 0 0 1 29101 26409 29369.8
0 55 12 0 0 1 29101 26409 29369.8
0 24 12 0 0 1 29193.1 21304.8 19243
0 26 12 0 0 1 29330.2 28287.1 38420.9
0 41 13 0 0 0 29389 0 30293.4
0 47 17 0 0 1 29389 20230.6 42410.8
0 28 17 0 0 1 29389 21483.9 19210.4
0 42 12 0 0 1 29389 22379 28490.6
0 48 16 0 0 1 29389 23274.2 0
0 21 12 0 0 1 29389 24169.4 28815.7
0 46 12 0 0 1 29389 24214.1 33987.7
0 29 12 0 0 1 29389 25959.7 35465.4
0 38 12 0 0 1 29389 26496.8 30191.4
0 28 12 0 0 1 29389 26854.8 35465.4
0 38 12 0 0 1 29389 26854.8 31032.3
0 53 12 0 0 1 29389 26854.8 26599.1
0 46 12 0 0 1 29389 27033.9 27781.3
0 46 12 0 0 1 29389 27033.9 27781.3
0 33 16 0 0 1 29389 27750 96052.2
0 34 12 0 0 1 29389 27912.9 11821.8
0 35 17 0 0 1 29389 28645.2 28076.8
0 53 12 0 0 1 29389 28645.2 29554.5
0 26 12 0 0 1 29389 28645.2 33987.7
0 26 16 0 0 1 29389 28645.2 35022.1
0 50 13 0 0 1 29389 29540.3 28076.8
0 43 14 0 0 0 29389 30435.5 29554.5
0 26 14 0 0 0 29389 30435.5 29554.5
0 33 17 0 0 1 29389 30435.5 31032.3
0 33 17 0 0 1 29389 30435.5 19210.4
0 42 12 0 0 1 29389 30437.3 26008
0 34 12 0 0 1 29389 30793.5 31180
0 34 12 0 0 1 29389 30793.5 31180
0 34 17 0 0 1 29389 31330.6 25712.4
0 37 17 0 0 1 29389 31330.6 33987.7
0 34 17 0 0 1 29389 32225.8 32672.5
0 26 17 0 0 1 29389 32225.8 35465.4
0 36 17 0 0 1 29389 34911.3 32510
0 28 14 0 0 0 29389 35448.4 33987.7
0 31 12 0 0 1 29389 35806.5 39159.8
0 25 14 0 0 1 29389 35806.5 33839.9
0 31 14 0 0 1 29389 35806.5 56153.6
0 28 12 0 0 1 29389 41177.4 47287.3
0 34 12 0 0 1 29389 42967.7 31032.3
0 35 12 0 0 1 29422.3 28645.2 29554.5
0 31 12 0 0 1 29584.9 26854.8 29554.5
0 24 12 0 0 1 29780.9 30883.1 32510
0 28 12 0 0 1 29976.8 0 0
0 27 16 0 0 1 29976.8 30793.5 51720.4
0 47 12 0 0 1 30074.7 33312.5 15072.8
0 47 12 0 0 1 30074.7 33312.5 15072.8
0 37 14 0 1 1 30108.1 26854.8 26554.7
0 22 14 0 0 1 30368.6 20588.7 27485.7
0 47 12 0 0 1 30368.6 23274.2 25860.2
0 32 14 0 0 1 30368.6 24169.4 22165.9
0 29 15 0 0 0 30368.6 28645.2 44331.8
0 27 16 0 0 0 30368.6 31330.6 36943.2
0 37 14 0 0 1 30368.6 44758.1 81275
0 37 14 0 0 1 30368.6 44758.1 81275
0 43 12 0 0 1 30564.6 23811.3 31032.3
0 43 12 0 0 1 30564.6 23811.3 31032.3
0 34 12 0 0 1 30564.6 24885.5 24678
0 30 12 0 0 1 30564.6 26854.8 14777.3
0 39 16 0 0 0 30564.6 28645.2 33987.7
0 35 16 0 0 1 30564.6 29540.3 37120.5
0 28 12 0 0 1 30564.6 32941.9 36204.3
0 32 12 0 0 1 30564.6 35806.5 23052.5
0 26 12 0 0 1 30564.6 39387.1 39898.6
0 27 12 0 0 1 30760.5 25064.5 31908.5
0 27 16 0 0 1 30760.5 26317.7 25860.2
0 28 12 0 0 1 30760.5 28824.2 39898.6
0 39 12 0 0 1 30760.5 32583.9 34726.6
0 48 12 0 0 1 30860.4 29270 34753.2
0 48 14 0 0 1 30895.7 34732.3 32510
0 37 17 0 0 1 30956.4 30435.5 27939.4
0 49 17 0 0 1 30956.4 31867.7 35465.4
0 25 15 0 0 1 30956.4 41177.4 35465.4
0 27 15 0 0 1 31152.3 34016.1 43001.8
0 51 17 0 1 1 31348.3 0 88663.6
0 24 15 0 0 1 31348.3 26854.8 26599.1
0 31 17 0 0 1 31348.3 26854.8 32510
0 45 12 0 0 1 31348.3 27391.9 25564.7
0 45 12 0 0 1 31348.3 27391.9 25564.7
0 39 14 0 0 1 31348.3 27750 47287.3
0 39 14 0 0 1 31348.3 27750 47287.3
0 25 17 0 0 1 31348.3 28249.5 35561.5
0 53 17 0 0 1 31348.3 28645.2 27929
0 26 16 0 0 1 31348.3 28645.2 35465.4
0 31 12 0 0 1 31348.3 28645.2 27337.9
0 32 17 0 0 1 31348.3 28645.2 28076.8
0 48 17 0 0 1 31348.3 29540.3 32951.8
0 47 17 0 0 0 31348.3 29540.3 29259
0 44 16 0 0 1 31348.3 30435.5 19210.4
0 41 16 0 0 1 31348.3 30435.5 20688.2
0 44 16 0 0 1 31348.3 30435.5 33987.7
0 52 17 0 0 1 31348.3 31293 32510
0 40 12 0 0 1 31348.3 31330.6 27633.5
0 52 12 0 0 0 31348.3 32225.8 32510
0 53 16 0 0 1 31348.3 32225.8 32510
0 42 16 0 0 1 31348.3 32225.8 32214.4
0 39 14 0 0 1 31348.3 32569.5 31020.4
0 42 17 0 0 1 31348.3 32762.9 39159.8
0 31 14 0 0 1 31348.3 34016.1 38986.9
0 47 14 0 0 1 31348.3 34016.1 25150.9
0 51 16 0 0 1 31348.3 35448.4 44331.8
0 44 13 0 0 1 31348.3 35806.5 36943.2
0 35 14 0 0 1 31348.3 36630 42854.1
0 46 12 0 0 1 31740.1 25780.6 17437.2
0 32 14 0 0 1 31818.5 31330.6 70930.9
0 29 16 0 0 1 31936 26640 24825.8
0 38 17 0 0 0 31936 33300 33806
0 26 14 0 0 1 32132 29898.4 28032.5
0 43 16 0 0 1 32132 31330.6 33987.7
0 45 16 0 0 0 32132 31330.6 31401.7
0 34 17 0 0 0 32132 44758.1 9161.9
0 49 14 0 0 1 32327.9 14322.6 24530.3
0 27 17 0 0 1 32327.9 25064.5 36943.2
0 26 16 0 0 1 32327.9 27750 32510
0 41 16 0 0 1 32327.9 31330.6 0
0 43 14 0 0 1 32327.9 31420.2 31032.3
0 28 13 0 0 1 32327.9 31688.7 40637.5
0 27 16 0 0 1 32327.9 32225.8 39159.8
0 32 12 0 0 1 32327.9 32225.8 32510
0 31 12 0 0 1 32327.9 32225.8 32510
0 38 17 0 0 0 32327.9 32225.8 43297.4
0 43 12 0 0 0 32327.9 33479 33987.7
0 34 17 0 0 1 32327.9 34016.1 33987.7
0 22 14 0 0 1 32327.9 41177.4 32510
0 50 14 0 0 1 32602.2 27889.6 27314.3
0 44 14 0 0 1 32719.8 29540.3 26952.3
0 53 12 0 0 1 32868.7 31509.7 18914.9
0 47 12 0 0 1 32915.7 27750 18914.9
0 47 12 0 0 1 32915.7 27750 18914.9
0 48 16 0 0 1 33307.5 26058.1 31918.9
0 48 16 0 0 1 33307.5 26058.1 31918.9
0 36 13 0 0 1 33307.5 28645.2 28372.4
0 49 12 0 0 1 33307.5 28645.2 32580.9
0 49 14 0 0 1 33307.5 30435.5 29554.5
0 36 12 0 0 1 33307.5 30435.5 31032.3
0 50 17 0 0 1 33307.5 30435.5 25860.2
0 36 12 0 0 1 33307.5 30435.5 41376.3
0 27 16 0 0 1 33307.5 30435.5 0
0 52 16 0 0 1 33307.5 30793.5 28815.7
0 38 12 0 0 1 33307.5 31330.6 31771.1
0 25 14 0 0 1 33307.5 31330.6 35761
0 33 17 0 0 1 33307.5 31867.7 35465.4
0 30 12 0 0 1 33307.5 32046.8 37682
0 53 12 0 0 1 33307.5 32225.8 33544.4
0 34 12 0 0 1 33307.5 32583.9 31032.3
0 36 12 0 0 1 33307.5 33121 33987.7
0 42 13 0 0 1 33307.5 33121 44331.8
0 34 12 0 0 1 33307.5 34016.1 32510
0 29 17 0 0 1 33307.5 34016.1 26980.3
0 52 12 0 0 1 33307.5 34171.9 28667.9
0 42 14 0 0 1 33307.5 37596.8 48765
0 53 15 0 0 1 33307.5 37596.8 38420.9
0 39 12 0 0 1 33307.5 39387.1 28076.8
0 28 16 0 0 1 33307.5 39387.1 34726.6
0 26 14 0 0 1 33503.5 36032 34559.6
0 52 12 0 0 1 33895.3 47622.6 39012
0 35 16 0 0 1 34091.2 26854.8 31032.3
0 44 12 0 0 1 34091.2 32046.8 35465.4
0 33 15 0 0 1 34091.2 34016.1 33248.8
0 29 12 0 1 1 34287.2 26541.5 39159.8
0 53 16 0 0 1 34287.2 28645.2 22165.9
0 26 16 0 0 1 34287.2 32225.8 36943.2
0 37 17 0 0 1 34287.2 35806.5 41376.3
0 45 12 0 0 1 34287.2 35806.5 31032.3
0 27 17 0 0 1 34287.2 37596.8 39307.5
0 34 13 0 0 1 34483.1 31509.7 33396.6
0 34 12 0 0 1 34731.9 30435.5 39898.6
0 32 14 0 0 1 34874.9 35788.5 41376.3
0 32 12 0 0 0 35070.9 32225.8 27337.9
0 29 14 0 0 1 35266.8 16112.9 20688.2
0 35 12 0 0 1 35266.8 26854.8 32510
0 35 12 0 0 1 35266.8 26854.8 32510
0 31 17 0 0 1 35266.8 31806.9 62064.5
0 49 12 0 0 1 35266.8 32225.8 47287.3
0 55 12 0 0 1 35266.8 32225.8 25860.2
0 32 12 0 0 1 35266.8 32225.8 33987.7
0 46 14 0 0 1 35266.8 33121 33987.7
0 28 15 0 0 1 35266.8 34016.1 35465.4
0 34 16 0 0 1 35266.8 34016.1 35465.4
0 35 16 0 0 1 35266.8 34016.1 40489.7
0 34 12 0 0 1 35266.8 35806.5 36943.2
0 40 16 0 0 1 35266.8 35806.5 36943.2
0 40 16 0 0 1 35266.8 35806.5 36943.2
0 29 14 0 0 1 35266.8 37596.8 45809.5
0 45 12 0 0 1 35266.8 38366.6 38420.9
0 34 16 0 0 1 35266.8 39387.1 41671.9
0 47 12 0 0 1 35266.8 40103.2 42263
0 31 16 0 0 1 35266.8 41177.4 35465.4
0 51 12 0 0 1 35266.8 44758.1 0
0 40 16 0 0 1 35266.8 44758.1 56153.6
0 27 12 0 0 1 35266.8 53888.7 14777.3
0 33 16 0 1 1 35266.8 85935.5 96052.2
0 41 16 0 0 1 35582.2 34016.1 42854.1
0 41 16 0 0 1 35582.2 34016.1 42854.1
0 33 12 0 0 1 35658.7 34016.1 32510
0 53 13 0 0 1 35658.7 35806.5 35465.4
0 45 12 0 0 1 35756.6 31509.7 27377.8
0 50 17 0 0 1 36050.5 37596.8 13299.5
0 37 14 0 0 1 36197.5 29361.3 21870.4
0 27 16 0 0 1 36246.4 0 0
0 27 16 0 0 1 36246.4 28192.2 40903.5
0 48 12 0 0 1 36246.4 31330.6 32510
0 47 12 0 0 1 36246.4 31796.1 42854.1
0 47 17 0 0 1 36246.4 34016.1 35465.4
0 33 15 0 0 1 36246.4 34213.1 35465.4
0 32 17 0 0 1 36640.2 34016.1 57631.3
0 34 14 0 0 1 36834.2 0 0
0 43 17 0 0 1 37226.1 16650 30441.2
0 31 14 0 0 1 37226.1 17903.2 25860.2
0 26 12 0 0 1 37226.1 25959.7 26599.1
0 29 14 0 0 0 37226.1 27284.5 36943.2
0 44 17 0 0 1 37226.1 32075.4 37386.5
0 36 17 0 1 1 37226.1 33300 39603.1
0 26 17 0 0 1 37226.1 34016.1 44331.8
0 28 16 0 0 1 37226.1 34016.1 35465.4
0 35 17 0 0 1 37226.1 35806.5 39898.6
0 52 12 0 0 1 37226.1 35831.5 48765
0 36 13 0 0 0 37226.1 36150.2 44308.2
0 28 17 0 0 1 37226.1 37507.3 38420.9
0 44 17 0 0 1 37226.1 37596.8 36204.3
0 37 13 0 0 1 37226.1 37596.8 39529.2
0 51 12 0 0 1 37226.1 38939.5 35465.4
0 50 12 0 0 1 37226.1 39029 36943.2
0 29 12 0 0 1 37226.1 39924.2 27918.7
0 32 17 0 0 1 37226.1 46548.4 25121.4
0 38 14 0 0 1 37226.1 50129 44331.8
0 47 17 0 0 1 37343.6 28906.5 35732.9
0 47 17 0 0 1 37343.6 28906.5 35732.9
0 31 17 0 0 1 38009.8 36705.2 42854.1
0 50 16 0 0 1 38205.7 34911.3 33987.7
0 39 12 0 0 1 38205.7 39387.1 43740.7
0 27 13 0 0 1 38401.6 34016.1 11128.8
0 46 16 0 0 1 38597.6 37596.8 48765
0 46 16 0 0 1 38597.6 37596.8 48765
0 33 16 0 0 1 38597.6 41177.4 42854.1
0 25 16 0 0 0 39185.3 0 23389.5
0 36 12 0 0 1 39185.3 15217.7 16255
0 39 12 0 0 1 39185.3 24169.4 23643.6
0 35 17 0 0 1 39185.3 30435.5 33426.2
0 35 17 0 0 1 39185.3 30435.5 33426.2
0 46 17 0 0 1 39185.3 31330.6 31298.2
0 31 17 0 0 1 39185.3 33121 47287.3
0 52 15 0 0 1 39185.3 35806.5 38420.9
0 50 16 0 0 0 39185.3 35806.5 40637.5
0 49 12 0 0 1 39185.3 35806.5 33987.7
0 53 16 0 0 1 39185.3 35806.5 51720.4
0 44 14 0 0 1 39185.3 35806.5 35465.4
0 46 16 0 0 1 39185.3 35806.5 36943.2
0 42 14 0 0 1 39185.3 36701.6 39898.6
0 43 12 0 0 1 39185.3 36701.6 45809.5
0 54 15 0 0 1 39185.3 37471.5 39304.6
0 42 16 0 0 1 39185.3 37596.8 47287.3
0 34 16 0 0 1 39185.3 37596.8 39898.6
0 47 16 0 0 1 39185.3 39387.1 38420.9
0 33 16 0 0 1 39185.3 39387.1 44331.8
0 40 17 0 1 1 39185.3 41177.4 33987.7
0 40 17 0 1 1 39185.3 41177.4 33987.7
0 45 14 0 0 1 39185.3 42538.1 36943.2
0 31 16 0 0 1 39185.3 42967.7 76841.8
0 32 12 0 0 1 39185.3 42967.7 41376.3
0 27 17 0 0 1 39185.3 44758.1 29554.5
0 44 17 0 0 1 39185.3 44758.1 51720.4
0 38 17 0 0 1 39185.3 48338.7 47287.3
0 27 17 0 0 0 40165 41177.4 44331.8
0 39 17 0 0 1 40752.7 0 0
0 46 14 0 0 1 41144.6 30256.5 35465.4
0 25 17 0 0 1 41144.6 35806.5 38420.9
0 52 12 0 0 1 41144.6 37596.8 36943.2
0 35 15 0 0 1 41144.6 39387.1 35465.4
0 53 12 0 0 1 41144.6 42967.7 39898.6
0 33 16 0 0 1 41144.6 42967.7 41080.8
0 30 16 0 0 1 41144.6 42967.7 47287.3
0 51 16 0 0 1 41144.6 44758.1 48765
0 33 13 0 0 1 41732.4 47264.5 51073.2
0 50 17 0 0 1 42124.2 0 70930.9
0 47 16 0 0 1 42124.2 41177.4 44331.8
0 36 14 0 0 1 42124.2 42072.6 41376.3
0 48 12 0 0 1 42124.2 42967.7 36943.2
0 48 12 0 0 1 42124.2 42967.7 36943.2
0 48 17 0 0 1 42294.7 41177.4 41376.3
0 37 17 0 0 1 42712 43862.9 31032.3
0 50 17 0 0 1 42907.9 44758.1 39898.6
0 34 16 0 0 1 43103.9 21304.8 20688.2
0 28 16 0 0 1 43103.9 32225.8 38420.9
0 37 12 0 0 0 43103.9 32225.8 32510
0 46 12 0 0 1 43103.9 35806.5 31032.3
0 32 12 0 1 1 43103.9 37596.8 38420.9
0 29 12 0 0 0 43103.9 37596.8 50242.7
0 40 16 0 0 1 43103.9 39387.1 45809.5
0 44 15 0 0 1 43103.9 39387.1 51232.8
0 38 12 0 0 1 43103.9 41177.4 36943.2
0 51 12 0 0 1 43103.9 41356.5 7388.63
0 33 17 0 0 1 43103.9 43236.3 40415.8
0 31 16 0 0 0 43103.9 44364.2 54675.9
0 43 17 0 0 1 43103.9 44758.1 41376.3
0 45 16 0 0 1 43103.9 48338.7 59109.1
0 33 17 0 0 1 43566.3 42967.7 40785.3
0 25 12 0 0 1 43691.6 30435.5 33987.7
0 51 12 0 0 1 44083.5 41177.4 48765
0 41 17 0 0 1 44083.5 43862.9 66497.7
0 42 12 0 0 1 44475.4 47232.3 70930.9
0 37 13 0 0 1 45063.1 35806.5 27337.9
0 29 17 0 0 1 45063.1 35806.5 0
0 37 15 0 1 1 45063.1 39387.1 45809.5
0 46 16 0 0 1 45063.1 46011.3 42854.1
0 40 12 0 0 1 45063.1 48338.7 44331.8
0 46 17 0 0 1 45063.1 57290.3 36943.2
0 47 12 0 0 1 45063.1 62661.3 0
0 34 13 0 0 1 45846.8 42072.6 41376.3
0 52 17 0 0 1 46042.8 59080.6 70930.9
0 52 17 0 0 1 46042.8 59080.6 70930.9
0 50 12 0 0 1 47022.4 44758.1 8866.36
0 49 17 0 0 1 47022.4 46548.4 42854.1
0 49 17 0 0 1 47022.4 48338.7 44331.8
0 49 17 0 0 1 47022.4 48338.7 44331.8
0 53 12 0 0 1 47649.4 47894.7 50242.7
0 33 13 0 0 1 48981.7 32225.8 0
0 54 15 0 0 1 48981.7 35806.5 88663.6
0 54 15 0 0 1 48981.7 35806.5 88663.6
0 44 17 0 0 1 48981.7 42967.7 39898.6
0 37 17 0 0 1 48981.7 44758.1 44331.8
0 55 16 0 0 1 48981.7 46548.4 47878.3
0 55 16 0 0 1 48981.7 46548.4 47878.3
0 37 17 0 0 1 48981.7 46548.4 49503.8
0 44 14 0 0 1 48981.7 48338.7 50242.7
0 41 13 0 0 1 48981.7 48338.7 38420.9
0 39 17 0 0 1 48981.7 48338.7 51720.4
0 48 16 0 0 1 48981.7 50129 48765
0 39 17 0 0 1 48981.7 50129 44331.8
0 45 12 0 0 1 48981.7 50487.1 46548.4
0 26 16 0 0 1 48981.7 53709.7 45809.5
0 34 16 0 0 1 48981.7 62661.3 54675.9
0 47 16 0 0 1 48981.7 62741.9 65020
0 55 16 0 0 1 48981.7 71612.9 35110.8
0 37 16 0 0 1 49961.3 41177.4 39898.6
0 43 17 0 0 1 49961.3 48338.7 51424.9
0 43 16 0 0 1 49961.3 50129 52969.1
0 33 17 0 0 1 50940.9 39387.1 46105.1
0 36 14 0 0 1 50940.9 42967.7 44331.8
0 37 17 0 0 1 50940.9 44758.1 50242.7
0 44 12 0 0 1 50940.9 44758.1 41376.3
0 42 17 0 0 0 50940.9 50129 48765
0 47 16 0 0 1 50940.9 53709.7 54675.9
0 38 13 0 0 1 50940.9 73403.2 25121.4
0 28 16 0 0 1 51920.6 48875.8 56153.6
0 44 17 0 0 1 51920.6 56753.2 53198.2
0 32 16 0 0 1 52900.2 48338.7 0
0 47 17 0 0 1 52900.2 49233.9 54675.9
0 28 16 0 0 1 52900.2 59080.6 36943.2
0 45 15 0 0 1 53879.8 51919.4 45809.5
0 52 16 0 0 1 53879.8 53709.7 63837.8
0 32 12 0 0 1 54859.5 39387.1 40878.4
0 33 17 0 0 1 54859.5 46548.4 76841.8
0 41 17 0 0 1 54859.5 52993.5 50242.7
0 42 16 0 0 1 54859.5 53709.7 53641.5
0 48 16 0 0 1 54859.5 53709.7 73886.3
0 48 16 0 0 1 54859.5 53709.7 73886.3
0 46 12 0 0 1 56818.7 48338.7 73886.3
0 48 14 0 0 1 56818.7 57290.3 57631.3
0 47 14 0 0 1 58778 26854.8 32510
0 36 17 0 0 1 58778 46548.4 56153.6
0 38 16 0 0 1 58778 50129 38420.9
0 44 17 0 0 1 58778 53709.7 53198.2
0 38 16 0 0 1 58778 53709.7 41376.3
0 39 14 0 0 1 58778 57290.3 74625.2
0 41 17 0 0 1 59385.4 59438.7 82752.7
0 47 16 0 0 1 60737.3 60871 78319.5
0 47 16 0 0 1 60737.3 60871 78319.5
0 46 16 0 0 1 62696.5 57290.3 63542.2
0 30 13 0 0 1 62696.5 75193.5 70930.9
0 52 17 0 0 1 63676.2 60871 59109.1
0 40 16 0 0 1 66615.1 57290.3 66497.7
0 51 12 0 0 0 67594.7 62661.3 71669.7
0 47 17 0 0 1 68574.3 38671 0
0 53 16 0 0 1 68574.3 39387.1 67236.6
0 48 16 0 0 1 68574.3 59080.6 62064.5
0 28 15 0 0 1 68574.3 62661.3 66497.7
0 42 17 0 0 1 68574.3 64451.6 62064.5
0 47 16 0 0 1 68574.3 71612.9 73886.3
0 50 14 0 0 1 70533.6 29540.3 51720.4
0 49 12 0 0 1 72492.9 71433.9 0
0 48 15 0 0 1 73472.5 71612.9 85708.1
0 51 17 0 0 1 74452.1 0 0
0 32 17 0 0 1 76411.4 64451.6 99007.7
0 47 16 0 0 1 78370.7 78774.2 97677.7
0 37 17 0 0 1 82289.2 85040.3 110829
0 55 17 0 0 1 88167 98467.7 88663.6
0 49 16 0 0 1 94044.8 98467.7 73886.3
0 50 16 0 0 1 97963.3 34016.1 33987.7
0 28 16 0 0 1 97963.3 89516.1 70930.9
0 42 16 0 0 1 103841 93096.8 100485
0 45 12 0 0 1 137149 156653 88663.6
0 53 6 0 0 1 0 0 0
0 53 7 0 1 0 0 0 0
0 47 8 0 0 0 0 0 0
0 55 8 0 0 1 0 0 0
0 41 8 0 0 1 0 0 0
0 45 8 0 0 1 0 0 0
0 46 9 0 1 1 0 0 0
0 48 9 0 0 1 0 0 0
0 46 9 0 1 1 0 0 0
0 54 9 0 0 1 0 0 0
0 40 10 0 1 1 0 0 0
0 41 11 0 0 1 0 0 14481.7
0 52 8 0 0 1 0 0 0
0 45 9 0 0 1 0 0 0
0 40 8 0 0 1 0 0 0
0 37 10 0 0 1 0 0 0
0 48 11 0 0 1 0 0 11821.8
0 36 9 0 0 1 0 0 0
0 40 7 0 0 1 0 0 8866.36
0 40 7 0 0 1 0 0 8866.36
0 38 11 0 0 1 0 0 0
0 53 7 0 0 1 0 0 0
0 52 7 0 0 1 0 0 0
0 46 6 0 0 1 0 0 0
0 40 8 0 0 1 0 0 0
0 53 8 0 0 1 0 0 0
0 50 11 0 0 1 0 0 10344.1
0 33 11 0 0 1 0 0 0
0 33 11 0 0 1 0 0 0
0 52 8 0 0 1 0 0 0
0 50 8 0 0 1 0 0 0
0 41 8 0 0 1 0 0 7093.09
0 53 9 0 0 1 0 0 0
0 48 11 0 0 0 0 0 0
0 31 9 0 0 1 0 0 0
0 42 8 0 0 1 0 0 0
0 54 10 0 0 1 0 0 0
0 50 10 0 0 1 0 0 0
0 48 6 0 1 1 0 0 0
0 22 9 0 0 1 0 0 16846.1
0 41 8 0 0 1 0 0 0
0 41 8 0 0 1 0 0 0
0 45 9 0 0 1 0 313.306 4063.75
0 46 8 0 0 1 0 8951.61 0
0 46 8 0 0 1 0 8951.61 0
0 53 8 0 0 1 0 14322.6 0
0 53 6 0 0 1 0 17187.1 45809.5
0 34 11 0 0 1 0 19693.5 14777.3
0 49 9 0 0 1 0 21483.9 69453.1
0 28 11 0 0 1 0 62661.3 118218
0 54 8 0 0 1 293.89 537.097 295.545
0 37 9 0 0 0 940.448 3544.84 1152.63
0 38 2 0 0 0 1077.6 6266.13 2955.45
0 20 10 0 0 0 1381.28 3523.35 9309.68
0 20 11 0 0 1 1567.41 3222.58 2955.45
0 42 8 0 0 1 1763.34 0 8866.36
0 42 8 0 0 1 1763.34 0 8866.36
0 55 7 0 0 0 2938.9 8342.9 0
0 20 10 0 0 0 2938.9 8951.61 10344.1
0 52 0 0 0 1 3134.83 0 295.545
0 19 11 0 0 0 3221.03 12532.3 14777.3
0 51 7 0 0 1 3291.57 8951.61 0
0 23 11 0 1 0 3526.68 2685.48 8127.5
0 20 11 0 0 0 3844.08 9846.77 13299.5
0 40 10 0 0 1 3918.53 4833.87 7248.25
0 19 11 0 0 0 4114.46 4654.84 8570.81
0 23 6 0 0 1 4114.46 7161.29 8127.5
0 18 11 0 0 0 4351.53 32270.6 2364.36
0 47 4 0 0 1 4702.24 8593.55 24641.1
0 51 7 0 0 1 4702.24 8951.61 11082.9
0 19 9 0 0 1 4858.98 6087.1 10639.6
0 19 10 0 0 0 5094.09 4296.77 14777.3
0 52 8 0 0 1 5290.02 0 6797.54
0 20 9 0 0 1 5387.98 8951.61 13299.5
0 20 8 0 0 0 5681.87 3584.23 7240.86
0 25 8 0 0 1 5877.8 0 8866.36
0 25 9 0 0 0 5877.8 13427.4 12117.4
0 43 10 0 0 1 5877.8 17903.2 20688.2
0 22 11 0 0 1 6442.07 5818.55 2216.59
0 55 8 0 0 1 6661.51 3820.55 4255.85
0 20 11 0 0 1 6661.51 5370.97 1182.18
0 22 11 0 0 1 6802.57 1790.32 7388.63
0 45 2 0 1 1 6857.43 7161.29 4433.18
0 29 10 0 0 1 7347.25 0 0
0 41 10 0 1 1 7562.77 9134.23 11821.8
0 49 5 0 0 1 7837.07 8056.45 11821.8
0 39 8 0 0 1 7837.07 9846.77 0
0 22 11 0 0 1 7837.07 13964.5 15072.8
0 32 10 0 0 1 7837.07 16112.9 11082.9
0 40 11 0 0 1 8072.18 0 1477.73
0 26 8 0 0 1 8150.55 7447.74 9900.77
0 33 10 0 0 1 8272.02 2619.24 0
0 27 8 0 0 1 8424.85 7698.39 15072.8
0 25 10 0 1 1 8816.7 8056.45 13299.5
0 46 9 0 0 1 8816.7 14322.6 13299.5
0 23 9 0 0 1 9012.63 0 14777.3
0 20 10 0 1 1 9208.55 8951.61 16255
0 47 4 0 0 1 9355.5 20884.1 20512.3
0 49 11 0 0 1 9404.48 11637.1 9457.45
0 27 10 0 0 1 9404.48 11812.5 11821.8
0 28 8 0 0 1 9404.48 14322.6 12560.7
0 34 10 0 0 1 9796.33 2327.42 26599.1
0 38 7 0 0 1 9796.33 5370.97 11821.8
0 43 11 0 0 1 9796.33 21483.9 22165.9
0 24 11 0 0 1 9796.33 24885.5 25121.4
0 37 7 0 0 1 9796.33 29719.4 5172.04
0 21 11 0 1 1 9992.26 4114.16 17732.7
0 27 6 0 0 1 9992.26 11637.1 13299.5
0 47 8 0 1 1 10286.2 7161.29 1477.73
0 19 10 0 0 1 10431.1 6982.26 9753
0 44 6 0 0 1 10450.7 13427.4 17023.4
0 25 10 0 0 1 10580 8647.26 8866.36
0 39 7 0 0 1 10580 17545.2 0
0 28 8 0 0 1 10678 10382.1 15146.7
0 29 8 0 0 1 10776 8951.61 9605.22
0 19 10 0 0 1 10776 14322.6 23643.6
0 42 6 0 1 1 10776 22558.1 11821.8
0 54 10 0 0 1 10776 32225.8 19210.4
0 33 10 0 0 1 10971.9 12174.2 24825.8
0 37 8 0 0 1 10971.9 13427.4 14777.3
0 21 11 0 0 0 11167.8 5370.97 13151.8
0 23 9 0 0 1 11167.8 11995.2 11891.3
0 35 8 0 0 1 11167.8 18796.6 13299.5
0 31 8 0 0 1 11167.8 19335.5 20688.2
0 27 9 0 0 1 11749.7 2327.42 19210.4
0 46 10 0 0 1 11755.6 7161.29 10166.8
0 46 10 0 0 1 11755.6 7161.29 10166.8
0 53 2 0 0 1 11755.6 8593.55 0
0 48 8 0 0 1 11755.6 8844.19 3073.67
0 48 8 0 0 1 11755.6 8844.19 3073.67
0 43 9 0 0 1 11755.6 10741.9 10344.1
0 34 10 0 0 1 11755.6 12174.2 11821.8
0 45 0 0 1 1 11755.6 16112.9 10344.1
0 41 9 0 0 1 11951.5 12890.3 8718.59
0 51 8 0 0 1 11986.8 1546.84 0
0 26 10 0 0 0 12000.5 14322.6 17732.7
0 53 4 0 0 1 12039.7 2660.42 7388.63
0 30 9 0 0 1 12178.8 11493.9 12847.4
0 53 8 0 0 1 12235.6 0 7240.86
0 45 11 0 0 1 12382.6 21483.9 0
0 45 11 0 0 1 12382.6 21483.9 0
0 49 6 0 1 1 12539.3 16471 13595.1
0 49 6 0 1 1 12539.3 16471 13595.1
0 37 11 0 0 1 12735.2 0 0
0 33 9 0 0 1 12735.2 6266.13 8866.36
0 33 9 0 0 1 12735.2 6266.13 8866.36
0 20 11 0 0 1 12735.2 7161.29 14038.4
0 44 8 0 0 1 12735.2 10312.3 12412.9
0 28 9 0 0 1 12735.2 12532.3 17732.7
0 25 11 0 0 1 12735.2 21483.9 8204.34
0 35 7 0 0 1 13127.1 12711.3 13447.3
0 35 7 0 0 1 13127.1 12711.3 13447.3
0 30 8 0 0 1 13303.4 17903.2 14333.9
0 41 9 0 0 1 13518.9 13964.5 17732.7
0 40 10 0 0 0 13616.9 10741.9 15368.4
0 20 11 0 0 0 13714.9 6194.52 14777.3
0 19 11 0 0 1 13714.9 6416.52 27781.3
0 39 7 0 0 1 13714.9 6624.19 0
0 22 11 0 0 1 13714.9 8593.55 8866.36
0 37 11 0 0 1 13714.9 9259.55 0
0 52 10 0 0 1 13714.9 12174.2 23643.6
0 31 11 0 0 1 13714.9 13785.5 20688.2
0 21 10 0 0 1 13714.9 14080.9 7249.73
0 52 8 0 0 1 13714.9 14322.6 8748.14
0 20 11 0 0 0 13714.9 14322.6 36943.2
0 52 5 0 0 1 13714.9 14322.6 14777.3
0 45 3 0 1 1 13714.9 16112.9 23643.6
0 32 7 0 0 1 13714.9 17008.1 19613.9
0 28 6 0 0 1 13734.5 6395.03 10048.5
0 44 9 0 0 1 14051.9 13905.4 16373.2
0 28 11 0 0 1 14106.7 10741.9 20392.6
0 53 8 0 0 1 14106.7 14322.6 14843.8
0 53 7 0 0 1 14106.7 14322.6 13299.5
0 52 4 0 0 1 14106.7 15074.5 14422.6
0 23 11 0 1 1 14263.5 8414.52 26599.1
0 25 9 0 0 1 14263.5 12890.3 16255
0 54 8 0 1 1 14302.6 0 8866.36
0 54 8 0 1 1 14302.6 0 8866.36
0 40 10 0 0 1 14302.6 24169.4 21427
0 40 10 0 0 1 14302.6 24169.4 21427
0 21 11 0 0 1 14400.6 11458.1 0
0 51 8 0 0 1 14465.3 21752.4 0
0 46 8 0 0 1 14498.6 10741.9 14186.2
0 39 8 0 0 1 14694.5 12532.3 16255
0 19 8 0 0 1 14694.5 12532.3 18539.6
0 49 10 0 0 1 14694.5 14322.6 8423.04
0 38 11 0 0 1 14694.5 14322.6 28076.8
0 24 11 0 0 1 14694.5 15575.8 14777.3
0 20 11 0 0 1 14694.5 17008.1 0
0 31 10 0 0 1 14890.4 12532.3 16255
0 29 9 0 0 1 14890.4 19693.5 25860.2
0 45 4 0 0 1 15004.1 13586.8 17686.9
0 28 9 0 0 0 15086.4 13248.4 19210.4
0 43 3 0 0 1 15086.4 15933.9 14038.4
0 50 7 0 0 1 15160.8 15933.9 17732.7
0 50 7 0 0 1 15160.8 15933.9 17732.7
0 34 11 0 0 1 15184.3 0 19210.4
0 46 8 0 0 0 15282.3 13158.9 10048.5
0 20 9 0 0 1 15282.3 15933.9 20614.3
0 30 9 0 0 1 15478.2 7877.42 8866.36
0 34 6 0 1 1 15478.2 16112.9 16255
0 27 9 0 0 1 15478.2 16471 15516.1
0 49 8 0 1 0 15674.1 1074.19 0
0 18 10 0 1 1 15674.1 10741.9 20688.2
0 46 4 0 0 1 15674.1 14322.6 8866.36
0 46 7 0 0 1 15674.1 14680.6 9605.22
0 53 6 0 0 1 15674.1 15217.7 14777.3
0 54 7 0 0 1 15674.1 16112.9 18841
0 24 9 0 0 1 15674.1 16112.9 36943.2
0 21 10 0 0 1 15674.1 16112.9 20141.4
0 43 10 0 0 1 15674.1 17903.2 19709.9
0 46 8 0 0 1 15674.1 17903.2 17732.7
0 50 8 0 0 1 15674.1 18109.1 17437.2
0 47 10 0 0 1 15674.1 19693.5 22165.9
0 47 10 0 0 1 15674.1 19693.5 22165.9
0 21 9 0 0 1 15674.1 19693.5 1773.27
0 18 10 0 0 1 15674.1 21483.9 24973.6
0 37 8 0 0 1 15674.1 26317.7 36943.2
0 31 11 0 0 1 15870.1 15602.7 17732.7
0 35 10 0 0 1 15921 16148.7 16606.7
0 30 11 0 0 1 16066 17989.2 23052.5
0 30 11 0 0 1 16066 17989.2 23052.5
0 24 10 0 0 1 16144.4 20767.7 22904.8
0 45 4 0 1 1 16261.9 28108.1 28076.8
0 46 8 0 0 1 16457.8 16112.9 16255
0 22 11 0 0 0 16653.8 3759.68 0
0 21 11 0 0 1 16653.8 13427.4 10344.1
0 33 10 0 0 1 16653.8 16112.9 12560.7
0 28 9 0 0 1 16653.8 17158.5 17957.3
0 20 10 0 0 1 16849.7 11995.2 17880.5
0 47 11 0 0 1 16928.1 15409.3 17732.7
0 23 11 0 0 1 17045.6 11986.2 5910.91
0 31 8 0 0 1 17241.5 15754.8 16210.7
0 34 7 0 0 0 17619.7 20481.3 19432.1
0 22 11 0 0 1 17633.4 0 13299.5
0 21 9 0 0 1 17633.4 3202.89 3251
0 46 10 0 1 1 17633.4 10741.9 5910.91
0 33 8 0 0 1 17633.4 12890.3 22165.9
0 29 8 0 0 1 17633.4 16112.9 11821.8
0 35 9 0 0 1 17633.4 16112.9 17732.7
0 18 9 0 0 1 17633.4 16112.9 17584.9
0 44 11 0 0 1 17633.4 16471 14555.6
0 34 6 0 0 1 17633.4 17903.2 4876.5
0 26 8 0 0 1 17633.4 18440.3 886.636
0 47 10 0 0 1 17633.4 19693.5 30884.5
0 46 11 0 0 1 17684.3 16112.9 19210.4
0 38 9 0 0 1 17829.3 7877.42 20688.2
0 54 11 0 0 1 17829.3 15754.8 18102.2
0 32 8 0 0 1 17829.3 21483.9 20688.2
0 23 10 0 0 1 17829.3 21483.9 23643.6
0 44 8 0 0 1 18025.3 18798.4 28076.8
0 23 8 0 0 1 18221.2 25073.5 12117.4
0 20 9 0 0 1 18285.8 20767.7 23643.6
0 40 10 0 0 1 18417.1 17903.2 20688.2
0 40 10 0 0 1 18417.1 17903.2 20688.2
0 47 10 0 0 1 19004.9 17903.2 21722.6
0 47 10 0 0 1 19004.9 17903.2 21722.6
0 49 4 0 0 1 19200.8 7161.29 2955.45
0 35 9 0 0 1 19200.8 17706.3 8866.36
0 51 11 0 0 1 19592.7 6982.26 26599.1
0 33 10 0 0 1 19592.7 10741.9 26599.1
0 36 8 0 1 1 19592.7 11995.2 16993.9
0 36 8 0 1 1 19592.7 11995.2 16993.9
0 22 10 0 0 1 19592.7 15217.7 0
0 50 10 0 0 1 19592.7 15933.9 29554.5
0 52 9 0 0 1 19592.7 16112.9 24045.6
0 52 8 0 0 1 19592.7 17903.2 17289.4
0 38 8 0 0 1 19592.7 17903.2 30207.7
0 53 7 0 0 1 19592.7 19693.5 22165.9
0 38 8 0 0 1 19592.7 19693.5 23643.6
0 38 8 0 0 1 19592.7 19693.5 23643.6
0 22 11 0 0 1 19592.7 20588.7 27929
0 41 9 0 0 1 19592.7 21483.9 20304
0 24 10 0 0 1 19592.7 25064.5 29554.5
0 27 7 0 0 1 19984.5 20409.7 31032.3
0 23 10 0 0 1 19984.5 21483.9 17732.7
0 53 10 0 0 1 19984.5 21483.9 4433.18
0 48 8 0 0 1 19984.5 21483.9 19210.4
0 50 7 0 0 1 20180.4 14322.6 0
0 52 5 0 0 1 20572.3 16112.9 19210.4
0 36 10 0 0 1 20572.3 17366.1 14481.7
0 40 11 0 0 1 20572.3 21483.9 27485.7
0 38 11 0 0 1 20572.3 21483.9 19210.4
0 41 8 0 0 1 20572.3 22379 19633.1
0 43 11 0 0 1 20629.1 31330.6 26599.1
0 46 10 0 0 1 20944.6 21338.9 21131.5
0 53 8 0 0 1 20964.2 22033.5 23195.9
0 25 10 0 0 1 20964.2 23632.3 23495.9
0 37 8 0 0 1 21481.4 14322.6 23643.6
0 46 11 0 0 1 21551.9 16112.9 13299.5
0 42 10 0 0 1 21551.9 18798.4 22165.9
0 55 10 0 0 1 21551.9 19693.5 14777.3
0 39 9 0 0 1 21551.9 19693.5 20688.2
0 25 8 0 0 1 21551.9 25959.7 25121.4
0 49 8 0 0 0 21551.9 36316.7 44331.8
0 35 10 0 0 1 21583.3 23847.1 22757
0 43 9 0 0 1 21630.3 11565.5 11821.8
0 39 7 0 0 1 21712.6 24065.5 23643.6
0 47 10 0 1 1 21943.8 18977.4 19210.4
0 51 10 0 0 1 21943.8 23274.2 25860.2
0 51 10 0 0 1 21943.8 23274.2 25860.2
0 49 5 0 1 1 22041.8 23274.2 20392.6
0 48 11 0 0 1 22178.9 19693.5 16255
0 48 11 0 0 1 22178.9 19693.5 16255
0 31 9 0 0 1 22531.6 21483.9 0
0 28 9 0 0 1 22727.5 20767.7 22904.8
0 49 10 0 0 1 22727.5 23095.2 24086.9
0 48 10 0 0 1 22727.5 26854.8 27042.4
0 49 9 0 0 1 22727.5 30435.5 29554.5
0 32 10 0 0 1 23025.3 21483.9 33987.7
0 30 11 0 0 1 23119.3 20051.6 22018.1
0 47 10 0 0 1 23236.9 17903.2 35365
0 31 10 0 0 1 23315.3 2467.06 15220.6
0 48 10 0 0 1 23511.2 2864.52 0
0 28 11 0 0 1 23511.2 5370.97 21796.5
0 53 5 0 0 1 23511.2 17903.2 20215.3
0 42 6 0 0 1 23511.2 17903.2 23643.6
0 42 6 0 0 1 23511.2 17903.2 23643.6
0 42 6 0 0 1 23511.2 17903.2 23643.6
0 42 8 0 0 1 23511.2 18798.4 26569.5
0 30 9 0 0 1 23511.2 19441.1 26599.1
0 54 8 0 0 1 23511.2 21483.9 19210.4
0 42 9 0 0 1 23511.2 21841.9 26303.5
0 24 10 0 0 1 23511.2 25062.7 29678.7
0 23 10 0 0 1 23511.2 25064.5 25121.4
0 50 8 0 0 1 23511.2 25243.5 26155.8
0 51 11 0 0 1 23511.2 25780.6 27190.2
0 51 8 0 0 1 23511.2 26407.3 22165.9
0 51 8 0 0 1 23511.2 27019.5 27337.9
0 30 10 0 0 1 23511.2 28645.2 28047.3
0 52 11 0 0 1 23568 0 0
0 29 10 0 0 1 23711 26854.8 13299.5
0 48 9 0 0 1 23860 25064.5 26968.5
0 30 9 0 0 1 23903.1 23900.8 23791.4
0 37 8 0 0 1 24099 22823 23145.6
0 28 11 0 0 1 24099 24169.4 35465.4
0 54 3 0 0 1 24530 19514.5 30549
0 52 9 0 0 1 24628 25064.5 19210.4
0 32 10 0 0 1 24686.8 27033.9 22904.8
0 47 7 0 0 1 24784.7 23811.3 25860.2
0 30 11 0 0 1 24882.7 26854.8 33248.8
0 49 6 0 0 1 25274.5 21841.9 29111.2
0 48 8 0 0 1 25470.5 0 13299.5
0 32 9 0 0 1 25470.5 1432.26 24803.6
0 44 6 0 0 1 25470.5 7619.61 11821.8
0 48 8 0 1 1 25470.5 16112.9 23643.6
0 49 11 0 0 1 25470.5 19693.5 481.739
0 38 9 0 0 1 25470.5 21483.9 47287.3
0 40 8 0 0 1 25470.5 21483.9 16255
0 49 11 0 0 1 25470.5 25064.5 25121.4
0 51 11 0 0 1 25470.5 25064.5 26599.1
0 44 8 0 0 1 25470.5 26854.8 25860.2
0 47 8 0 0 1 25707.5 25064.5 19062.7
0 49 8 0 0 1 25862.3 22916.1 16255
0 40 8 0 0 1 25862.3 26138.7 26155.8
0 48 10 0 0 0 26058.2 26854.8 33043.4
0 44 6 0 1 1 26450.1 3580.65 0
0 42 11 0 0 1 26450.1 22379 23327.4
0 31 8 0 0 1 26450.1 32225.8 26953.7
0 46 11 0 0 1 26842 29361.3 36943.2
0 50 8 0 0 0 27084.9 21125.8 26599.1
0 46 11 0 0 1 27429.7 9846.77 16993.9
0 50 10 0 0 1 27429.7 32225.8 33987.7
0 49 8 0 0 1 27482.6 25064.5 27337.9
0 47 7 0 0 1 27821.6 27929 28925
0 42 9 0 0 1 28017.5 23453.2 26377.4
0 42 9 0 0 1 28017.5 23453.2 26377.4
0 45 10 0 0 1 28017.5 32225.8 36943.2
0 55 10 0 0 1 28331 28602.2 28815.7
0 40 11 0 0 1 28409.4 12532.3 13299.5
0 48 8 0 0 1 28409.4 26317.7 28076.8
0 36 10 0 1 1 28409.4 28645.2 39159.8
0 46 10 0 0 1 28766 19514.5 25677
0 49 7 0 0 1 29247.9 20767.7 21341.3
0 37 10 0 0 1 29369.4 27750 39898.6
0 48 9 0 0 1 29389 19693.5 23052.5
0 28 10 0 0 1 29389 23274.2 22904.8
0 40 11 0 0 1 29389 26407.3 31032.3
0 44 10 0 0 1 29389 26854.8 23643.6
0 30 11 0 1 1 29389 26854.8 36943.2
0 33 10 0 0 1 29389 28645.2 36499.8
0 48 9 0 0 1 29389 32225.8 31032.3
0 38 9 0 0 1 29976.8 25064.5 47287.3
0 42 9 0 0 0 30368.6 19693.5 35465.4
0 55 11 0 0 1 31048.5 31053.1 28076.8
0 37 11 0 0 1 31250.3 26854.8 36943.2
0 21 10 0 0 1 31348.3 10741.9 44331.8
0 52 11 0 0 1 31348.3 33121 28076.8
0 45 5 0 0 1 31348.3 37596.8 31477.1
0 49 8 0 0 1 31348.3 37596.8 38420.9
0 48 8 0 0 1 31510.9 35795.7 28076.8
0 48 8 0 0 1 31510.9 35795.7 28076.8
0 47 11 0 0 1 32719.8 30435.5 36943.2
0 51 8 0 0 1 33111.6 27750 32362.2
0 54 11 0 0 1 33158.6 32225.8 36943.2
0 42 9 0 0 1 33221.3 32225.8 33987.7
0 42 9 0 0 1 33221.3 32225.8 33987.7
0 32 10 0 0 1 33307.5 25064.5 29554.5
0 38 8 0 0 1 33307.5 35448.4 33987.7
0 42 11 0 0 1 33307.5 44758.1 54675.9
0 49 8 0 0 1 33699.4 28645.2 2955.45
0 35 7 0 0 1 34091.2 28287.1 25121.4
0 46 11 0 0 1 34287.2 30077.4 39898.6
0 46 11 0 0 1 34287.2 30077.4 39898.6
0 31 11 0 0 1 34483.1 35806.5 36943.2
0 52 10 0 0 1 35266.8 17187.1 39159.8
0 51 9 0 0 0 35266.8 32225.8 39898.6
0 49 6 0 0 1 35266.8 33121 26894.6
0 48 10 0 0 1 35266.8 34911.3 38568.7
0 31 10 0 0 1 35266.8 35806.5 44331.8
0 42 11 0 0 1 35266.8 44758.1 38420.9
0 50 11 0 0 1 36205.3 38563.5 31032.3
0 50 11 0 0 1 36205.3 38563.5 31032.3
0 37 10 0 0 1 36246.4 17545.2 17732.7
0 37 10 0 0 1 36246.4 17545.2 17732.7
0 55 11 0 0 1 36638.3 37417.7 32177.5
0 50 11 0 0 1 36677.5 46548.4 47287.3
0 49 8 0 0 1 37226.1 14322.6 23643.6
0 48 6 0 1 1 38670 42967.7 36943.2
0 48 6 0 1 1 38670 42967.7 36943.2
0 46 11 0 0 1 39185.3 39387.1 35465.4
0 29 10 0 0 1 41144.6 8951.61 31032.3
0 55 8 0 0 1 43025.5 37972.7 51580
0 32 10 0 0 1 43103.9 39387.1 36943.2
0 47 8 0 0 1 44667.4 33837.1 38568.7
0 32 8 0 0 1 47022.4 67137.1 59109.1
0 47 10 0 0 1 48198 47968.1 55710.3
0 54 0 0 1 1 49228.5 44221 20540.4
0 40 8 0 0 1 50940.9 55500 53198.2
